 # epsilon vs 1/rho0
    1.00000000000000E-02    2.50000000000002E-01
    1.42857142857143E-02    2.50000000000002E-01
    2.50000000000000E-02    2.49999999999939E-01
    3.33333333333333E-02    2.49999999472674E-01
    5.00000000000000E-02    2.49996899417367E-01
 
 
 # extrapolated to rho0=infinity
    0.00000000000000E+00    2.49999381408503E-01
 
 
 # epsilon vs 1/rho0 (interpolated values)
    5.85436893203884E-04    2.49999464155533E-01
    1.07087378640777E-03    2.49999526667212E-01
    1.55631067961165E-03    2.49999583950293E-01
    2.04174757281553E-03    2.49999636280822E-01
    2.52718446601942E-03    2.49999683927913E-01
    3.01262135922330E-03    2.49999727153746E-01
    3.49805825242718E-03    2.49999766213575E-01
    3.98349514563107E-03    2.49999801355720E-01
    4.46893203883495E-03    2.49999832821573E-01
    4.95436893203884E-03    2.49999860845591E-01
    5.43980582524272E-03    2.49999885655304E-01
    5.92524271844660E-03    2.49999907471310E-01
    6.41067961165049E-03    2.49999926507276E-01
    6.89611650485437E-03    2.49999942969938E-01
    7.38155339805825E-03    2.49999957059102E-01
    7.86699029126214E-03    2.49999968967643E-01
    8.35242718446602E-03    2.49999978881504E-01
    8.83786407766990E-03    2.49999986979699E-01
    9.32330097087379E-03    2.49999993434309E-01
    9.80873786407767E-03    2.49999998410488E-01
    1.02941747572816E-02    2.50000002066455E-01
    1.07796116504854E-02    2.50000004553502E-01
    1.12650485436893E-02    2.50000006015986E-01
    1.17504854368932E-02    2.50000006591337E-01
    1.22359223300971E-02    2.50000006410052E-01
    1.27213592233010E-02    2.50000005595698E-01
    1.32067961165049E-02    2.50000004264912E-01
    1.36922330097087E-02    2.50000002527398E-01
    1.41776699029126E-02    2.50000000485932E-01
    1.46631067961165E-02    2.49999998236357E-01
    1.51485436893204E-02    2.49999995867586E-01
    1.56339805825243E-02    2.49999993461602E-01
    1.61194174757282E-02    2.49999991093456E-01
    1.66048543689320E-02    2.49999988831268E-01
    1.70902912621359E-02    2.49999986736229E-01
    1.75757281553398E-02    2.49999984862598E-01
    1.80611650485437E-02    2.49999983257702E-01
    1.85466019417476E-02    2.49999981961940E-01
    1.90320388349515E-02    2.49999981008779E-01
    1.95174757281553E-02    2.49999980424753E-01
    2.00029126213592E-02    2.49999980229469E-01
    2.04883495145631E-02    2.49999980435602E-01
    2.09737864077670E-02    2.49999981048893E-01
    2.14592233009709E-02    2.49999982068157E-01
    2.19446601941748E-02    2.49999983485276E-01
    2.24300970873786E-02    2.49999985285200E-01
    2.29155339805825E-02    2.49999987445951E-01
    2.34009708737864E-02    2.49999989938618E-01
    2.38864077669903E-02    2.49999992727360E-01
    2.43718446601942E-02    2.49999995769405E-01
    2.48572815533981E-02    2.49999999015050E-01
    2.53427184466019E-02    2.50000002407662E-01
    2.58281553398058E-02    2.50000005883678E-01
    2.63135922330097E-02    2.50000009372601E-01
    2.67990291262136E-02    2.50000012797007E-01
    2.72844660194175E-02    2.50000016072538E-01
    2.77699029126214E-02    2.50000019107908E-01
    2.82553398058252E-02    2.50000021804898E-01
    2.87407766990291E-02    2.50000024058359E-01
    2.92262135922330E-02    2.50000025756212E-01
    2.97116504854369E-02    2.50000026779446E-01
    3.01970873786408E-02    2.50000027002120E-01
    3.06825242718447E-02    2.50000026291362E-01
    3.11679611650485E-02    2.50000024507369E-01
    3.16533980582524E-02    2.50000021503408E-01
    3.21388349514563E-02    2.50000017125815E-01
    3.26242718446602E-02    2.50000011213993E-01
    3.31097087378641E-02    2.50000003600417E-01
    3.35951456310680E-02    2.49999994110631E-01
    3.40805825242718E-02    2.49999982563247E-01
    3.45660194174757E-02    2.49999968769947E-01
    3.50514563106796E-02    2.49999952535481E-01
    3.55368932038835E-02    2.49999933657670E-01
    3.60223300970874E-02    2.49999911927404E-01
    3.65077669902913E-02    2.49999887128640E-01
    3.69932038834951E-02    2.49999859038407E-01
    3.74786407766990E-02    2.49999827426801E-01
    3.79640776699029E-02    2.49999792056989E-01
    3.84495145631068E-02    2.49999752685206E-01
    3.89349514563107E-02    2.49999709060758E-01
    3.94203883495146E-02    2.49999660926017E-01
    3.99058252427184E-02    2.49999608016427E-01
    4.03912621359223E-02    2.49999550060501E-01
    4.08766990291262E-02    2.49999486779820E-01
    4.13621359223301E-02    2.49999417889034E-01
    4.18475728155340E-02    2.49999343095864E-01
    4.23330097087379E-02    2.49999262101098E-01
    4.28184466019418E-02    2.49999174598596E-01
    4.33038834951456E-02    2.49999080275285E-01
    4.37893203883495E-02    2.49998978811161E-01
    4.42747572815534E-02    2.49998869879291E-01
    4.47601941747573E-02    2.49998753145811E-01
    4.52456310679612E-02    2.49998628269924E-01
    4.57310679611651E-02    2.49998494903904E-01
    4.62165048543689E-02    2.49998352693095E-01
    4.67019417475728E-02    2.49998201275907E-01
    4.71873786407767E-02    2.49998040283824E-01
    4.76728155339806E-02    2.49997869341395E-01
    4.81582524271845E-02    2.49997688066240E-01
    4.86436893203884E-02    2.49997496069049E-01
    4.91291262135922E-02    2.49997292953579E-01
    4.96145631067961E-02    2.49997078316657E-01
    5.01000000000000E-02    2.49996851748182E-01
