 # numeric solution (rho, u, R, P)
    0.00000000000000E+00    0.00000000000000E+00    0.00000000000000E+00    0.00000000000000E+00
    1.00000000000000E-01    8.75829125594799E-06    8.75829125594799E-05    9.63936956450348E-10
    2.00000000000000E-01    6.77692825237092E-05    3.38846412618546E-04    5.77132643769226E-08
    3.00000000000000E-01    2.21222951465780E-04    7.37409838219268E-04    6.14993079127596E-07
    4.00000000000000E-01    5.07189097372086E-04    1.26797274343022E-03    3.23258298480346E-06
    5.00000000000000E-01    9.58127853451604E-04    1.91625570690321E-03    1.15360411147233E-05
    6.00000000000000E-01    1.60136643371671E-03    2.66894405619452E-03    3.22248797959598E-05
    7.00000000000000E-01    2.45954406171093E-03    3.51363437387275E-03    7.60184619337221E-05
    8.00000000000000E-01    3.55102692583628E-03    4.43878365729535E-03    1.58459322507293E-04
    9.00000000000000E-01    4.89029490859630E-03    5.43366100955144E-03    3.00524555862955E-04
    1.00000000000000E+00    6.48830174444392E-03    6.48830174444392E-03    5.29019818161058E-04
    1.10000000000000E+00    8.35281017288751E-03    7.59346379353410E-03    8.76748612752900E-04
    1.20000000000000E+00    1.04887035698459E-02    8.74058630820494E-03    1.38246290613264E-03
    1.30000000000000E+00    1.28982754607445E-02    9.92175035441888E-03    2.09061065436323E-03
    1.40000000000000E+00    1.55814982433165E-02    1.11296416023689E-02    3.05090225650477E-03
    1.50000000000000E+00    1.85362723763363E-02    1.23575149175575E-02    4.31772192474523E-03
    1.60000000000000E+00    2.17586572223523E-02    1.35991607639702E-02    5.94941199968215E-03
    1.70000000000000E+00    2.52430846677934E-02    1.48488733339961E-02    8.00745878407889E-03
    1.80000000000000E+00    2.89825565823625E-02    1.61014203235347E-02    1.05556078841339E-02
    1.90000000000000E+00    3.29688271213032E-02    1.73520142743701E-02    1.36589356338971E-02
    2.00000000000000E+00    3.71925708187572E-02    1.85962854093786E-02    1.73829011808897E-02
    2.10000000000000E+00    4.16435373678729E-02    1.98302558894633E-02    2.17924014274331E-02
    2.20000000000000E+00    4.63106939334585E-02    2.10503154242993E-02    2.69508484114143E-02
    2.30000000000000E+00    5.11823557956721E-02    2.22531981720313E-02    3.29192859976985E-02
    2.40000000000000E+00    5.62463060783469E-02    2.34359608659779E-02    3.97555600347569E-02
    2.50000000000000E+00    6.14899052730035E-02    2.45959621092014E-02    4.75135534847926E-02
    2.60000000000000E+00    6.69001912292185E-02    2.57308427804686E-02    5.62424955148492E-02
    2.70000000000000E+00    7.24639702437653E-02    2.68385074976909E-02    6.59863511805271E-02
    2.80000000000000E+00    7.81678998446781E-02    2.79171070873850E-02    7.67832961694392E-02
    2.90000000000000E+00    8.39985638319780E-02    2.89650220110269E-02    8.86652791143398E-02
    3.00000000000000E+00    8.99425401042546E-02    2.99808467014182E-02    1.01657672243765E-01
    3.10000000000000E+00    9.59864617694436E-02    3.09633747643367E-02    1.15779009611999E-01
    3.20000000000000E+00    1.02117072008859E-01    3.19115850027686E-02    1.31040810836036E-01
    3.30000000000000E+00    1.08321273135938E-01    3.28246282230115E-02    1.47447487157412E-01
    3.40000000000000E+00    1.14586170264849E-01    3.37018147837790E-02    1.64996325729998E-01
    3.50000000000000E+00    1.20899109979415E-01    3.45426028512615E-02    1.83677547298989E-01
    3.60000000000000E+00    1.27247714369232E-01    3.53465873247866E-02    2.03474431866617E-01
    3.70000000000000E+00    1.33619910777693E-01    3.61134893993765E-02    2.24363506522441E-01
    3.80000000000000E+00    1.40003957585635E-01    3.68431467330618E-02    2.46314789334851E-01
    3.90000000000000E+00    1.46388466334417E-01    3.75355041883120E-02    2.69292083040981E-01
    4.00000000000000E+00    1.52762420473457E-01    3.81906051183642E-02    2.93253312219588E-01
    4.10000000000000E+00    1.59115190999511E-01    3.88085831706124E-02    3.18150897671995E-01
    4.20000000000000E+00    1.65436549238193E-01    3.93896545805222E-02    3.43932161856113E-01
    4.30000000000000E+00    1.71716677002371E-01    3.99341109307841E-02    3.70539759405541E-01
    4.40000000000000E+00    1.77946174347097E-01    4.04423123516129E-02    3.97912127008010E-01
    4.50000000000000E+00    1.84116065126619E-01    4.09146811392486E-02    4.25983947204660E-01
    4.60000000000000E+00    1.90217800545605E-01    4.13516957707837E-02    4.54686620993175E-01
    4.70000000000000E+00    1.96243260884245E-01    4.17538852945202E-02    4.83948744466522E-01
    4.80000000000000E+00    2.02184755564833E-01    4.21218240760068E-02    5.13696585084487E-01
    4.90000000000000E+00    2.08035021716407E-01    4.24561268808994E-02    5.43854553553603E-01
    5.00000000000000E+00    2.13787221383343E-01    4.27574442766685E-02    5.74345667673299E-01
    5.10000000000000E+00    2.19434937513898E-01    4.30264583360584E-02    6.05092004888917E-01
    5.20000000000000E+00    2.24972168855257E-01    4.32638786260110E-02    6.36015140669742E-01
    5.30000000000000E+00    2.30393323872893E-01    4.34704384665836E-02    6.67036570200034E-01
    5.40000000000000E+00    2.35693213803696E-01    4.36468914451289E-02    6.98078111228247E-01
    5.50000000000000E+00    2.40867044944393E-01    4.37940081717079E-02    7.29062286262082E-01
    5.60000000000000E+00    2.45910410269664E-01    4.39125732624400E-02    7.59912682624985E-01
    5.70000000000000E+00    2.50819280467141E-01    4.40033825380950E-02    7.90554289196415E-01
    5.80000000000000E+00    2.55589994470227E-01    4.40672404259012E-02    8.20913808948701E-01
    5.90000000000000E+00    2.60219249563364E-01    4.41049575531125E-02    8.50919946661317E-01
    6.00000000000000E+00    2.64704091128767E-01    4.41173485214611E-02    8.80503671442356E-01
    6.10000000000000E+00    2.69041902098187E-01    4.41052298521617E-02    9.09598453914388E-01
    6.20000000000000E+00    2.73230392168245E-01    4.40694180916524E-02    9.38140478129009E-01
    6.30000000000000E+00    2.77267586833078E-01    4.40107280687425E-02    9.66068828460447E-01
    6.40000000000000E+00    2.81151816283666E-01    4.39299712943228E-02    9.93325651895879E-01
    6.50000000000000E+00    2.84881704219022E-01    4.38279544952341E-02    1.01985629628700E+00
    6.60000000000000E+00    2.88456156610525E-01    4.37054782743220E-02    1.04560942525640E+00
    6.70000000000000E+00    2.91874350456984E-01    4.35633358891021E-02    1.07053711056272E+00
    6.80000000000000E+00    2.95135722564740E-01    4.34023121418736E-02    1.09459490282394E+00
    6.90000000000000E+00    2.98239958383777E-01    4.32231823744604E-02    1.11774188157510E+00
    7.00000000000000E+00    3.01186980927970E-01    4.30267115611385E-02    1.13994068570183E+00
    7.10000000000000E+00    3.03976939804682E-01    4.28136534936172E-02    1.16115752533890E+00
    7.20000000000000E+00    3.06610200376564E-01    4.25847500523006E-02    1.18136217636264E+00
    7.30000000000000E+00    3.09087333075684E-01    4.23407305583128E-02    1.20052795862805E+00
    7.40000000000000E+00    3.11409102888171E-01    4.20823112011042E-02    1.21863169911879E+00
    7.50000000000000E+00    3.13576459025306E-01    4.18101945367075E-02    1.23565368118129E+00
    7.60000000000000E+00    3.15590524795077E-01    4.15250690519838E-02    1.25157758101079E+00
    7.70000000000000E+00    3.17452587686443E-01    4.12276087904472E-02    1.26639039254510E+00
    7.80000000000000E+00    3.19164089676942E-01    4.09184730355054E-02    1.28008234190369E+00
    7.90000000000000E+00    3.20726617772543E-01    4.05983060471573E-02    1.29264679248348E+00
    8.00000000000000E+00    3.22141894787480E-01    4.02677368484349E-02    1.30408014179425E+00
    8.10000000000000E+00    3.23411770370256E-01    3.99273790580564E-02    1.31438171108051E+00
    8.20000000000000E+00    3.24538212280919E-01    3.95778307659657E-02    1.32355362873876E+00
    8.30000000000000E+00    3.25523297923555E-01    3.92196744486211E-02    1.33160070849755E+00
    8.40000000000000E+00    3.26369206136919E-01    3.88534769210618E-02    1.33853032328302E+00
    8.50000000000000E+00    3.27078209245147E-01    3.84797893229584E-02    1.34435227564678E+00
    8.60000000000000E+00    3.27652665369684E-01    3.80991471360097E-02    1.34907866558528E+00
    8.70000000000000E+00    3.28095011002739E-01    3.77120702301998E-02    1.35272375653118E+00
    8.80000000000000E+00    3.28407753841831E-01    3.73190629365717E-02    1.35530384024785E+00
    8.90000000000000E+00    3.28593465884414E-01    3.69206141443161E-02    1.35683710130936E+00
    9.00000000000000E+00    3.28654776780812E-01    3.65171974200902E-02    1.35734348179784E+00
    9.10000000000000E+00    3.28594367443419E-01    3.61092711476284E-02    1.35684454680363E+00
    9.20000000000000E+00    3.28414963909322E-01    3.56972786857959E-02    1.35536335126312E+00
    9.30000000000000E+00    3.28119331453319E-01    3.52816485433676E-02    1.35292430862432E+00
    9.40000000000000E+00    3.27710268947761E-01    3.48627945689108E-02    1.34955306178339E+00
    9.50000000000000E+00    3.27190603465423E-01    3.44411161542551E-02    1.34527635669167E+00
    9.60000000000000E+00    3.26563185121113E-01    3.40169984501159E-02    1.34012191898898E+00
    9.70000000000000E+00    3.25830882147730E-01    3.35908125925495E-02    1.33411833397934E+00
    9.80000000000000E+00    3.24996576201972E-01    3.31629159389768E-02    1.32729493022429E+00
    9.90000000000000E+00    3.24063157894841E-01    3.27336523126102E-02    1.31968166699215E+00
    1.00000000000000E+01    3.23033522541951E-01    3.23033522541951E-02    1.31130902576629E+00
    1.01000000000000E+01    3.21910566128359E-01    3.18723332800356E-02    1.30220790598062E+00
    1.02000000000000E+01    3.20697181482630E-01    3.14409001453559E-02    1.29240952511943E+00
    1.03000000000000E+01    3.19396254654740E-01    3.10093451121107E-02    1.28194532328880E+00
    1.04000000000000E+01    3.18010661492295E-01    3.05779482204130E-02    1.27084687233842E+00
    1.05000000000000E+01    3.16543264409485E-01    3.01469775628081E-02    1.25914578958642E+00
    1.06000000000000E+01    3.14996909343290E-01    2.97166895606877E-02    1.24687365617710E+00
    1.07000000000000E+01    3.13374422891202E-01    2.92873292421685E-02    1.23406194007675E+00
    1.08000000000000E+01    3.11678609624956E-01    2.88591305208293E-02    1.22074192369452E+00
    1.09000000000000E+01    3.09912249574600E-01    2.84323164747340E-02    1.20694463609507E+00
    1.10000000000000E+01    3.08078095877372E-01    2.80070996252156E-02    1.19270078975336E+00
    1.11000000000000E+01    3.06178872585794E-01    2.75836822149364E-02    1.17804072178619E+00
    1.12000000000000E+01    3.04217272629535E-01    2.71622564847799E-02    1.16299433958160E+00
    1.13000000000000E+01    3.02195955925528E-01    2.67430049491618E-02    1.14759107073432E+00
    1.14000000000000E+01    3.00117547631047E-01    2.63261006693901E-02    1.13185981718541E+00
    1.15000000000000E+01    2.97984636534318E-01    2.59117075247233E-02    1.11582891345348E+00
    1.16000000000000E+01    2.95799773577535E-01    2.54999804808220E-02    1.09952608883785E+00
    1.17000000000000E+01    2.93565470507059E-01    2.50910658553042E-02    1.08297843346619E+00
    1.18000000000000E+01    2.91284198645771E-01    2.46851015801501E-02    1.06621236805343E+00
    1.19000000000000E+01    2.88958387782613E-01    2.42822174607238E-02    1.04925361723407E+00
    1.20000000000000E+01    2.86590425174390E-01    2.38825354311992E-02    1.03212718632577E+00
    1.21000000000000E+01    2.84182654655150E-01    2.34861698062107E-02    1.01485734137981E+00
    1.22000000000000E+01    2.81737375848389E-01    2.30932275285565E-02    9.97467592371352E-01
    1.23000000000000E+01    2.79256843477626E-01    2.27038084128151E-02    9.79980679381842E-01
    1.24000000000000E+01    2.76743266770762E-01    2.23180053847389E-02    9.62418561624347E-01
    1.25000000000000E+01    2.74198808954038E-01    2.19359047163230E-02    9.44802409164273E-01
    1.26000000000000E+01    2.71625586831212E-01    2.15575862564454E-02    9.27152597187001E-01
    1.27000000000000E+01    2.69025670443972E-01    2.11831236570057E-02    9.09488702666808E-01
    1.28000000000000E+01    2.66401082809517E-01    2.08125845944936E-02    8.91829503292347E-01
    1.29000000000000E+01    2.63753799731411E-01    2.04460309869311E-02    8.74192978506362E-01
    1.30000000000000E+01    2.61085749679982E-01    2.00835192061525E-02    8.56596312520430E-01
    1.31000000000000E+01    2.58398813738563E-01    1.97251002853865E-02    8.39055899167946E-01
    1.32000000000000E+01    2.55694825612049E-01    1.93708201221249E-02    8.21587348462386E-01
    1.33000000000000E+01    2.52975571694344E-01    1.90207196762665E-02    8.04205494731369E-01
    1.34000000000000E+01    2.50242791191332E-01    1.86748351635322E-02    7.86924406200454E-01
    1.35000000000000E+01    2.47498176296200E-01    1.83331982441630E-02    7.69757395905401E-01
    1.36000000000000E+01    2.44743372414006E-01    1.79958362069122E-02    7.52717033815221E-01
    1.37000000000000E+01    2.41979978432441E-01    1.76627721483533E-02    7.35815160052621E-01
    1.38000000000000E+01    2.39209547035965E-01    1.73340251475337E-02    7.19062899103451E-01
    1.39000000000000E+01    2.36433585060473E-01    1.70096104360052E-02    7.02470674910435E-01
    1.40000000000000E+01    2.33653553885798E-01    1.66895395632713E-02    6.86048226751475E-01
    1.41000000000000E+01    2.30870869863551E-01    1.63738205576987E-02    6.69804625807657E-01
    1.42000000000000E+01    2.28086904777682E-01    1.60624580829353E-02    6.53748292329507E-01
    1.43000000000000E+01    2.25302986335462E-01    1.57554535898925E-02    6.37887013315923E-01
    1.44000000000000E+01    2.22520398686553E-01    1.54528054643440E-02    6.22227960623664E-01
    1.45000000000000E+01    2.19740382967987E-01    1.51545091702060E-02    6.06777709430459E-01
    1.46000000000000E+01    2.16964137872900E-01    1.48605573885548E-02    5.91542256978479E-01
    1.47000000000000E+01    2.14192820241006E-01    1.45709401524494E-02    5.76527041529657E-01
    1.48000000000000E+01    2.11427545668912E-01    1.42856449776292E-02    5.61736961468666E-01
    1.49000000000000E+01    2.08669389138359E-01    1.40046569891516E-02    5.47176394492936E-01
    1.50000000000000E+01    2.05919385660640E-01    1.37279590440427E-02    5.32849216833589E-01
    1.51000000000000E+01    2.03178530935509E-01    1.34555318500337E-02    5.18758822454869E-01
    1.52000000000000E+01    2.00447782022944E-01    1.31873540804569E-02    5.04908142183413E-01
    1.53000000000000E+01    1.97728058026221E-01    1.29234024853739E-02    4.91299662722338E-01
    1.54000000000000E+01    1.95020240784842E-01    1.26636519990157E-02    4.77935445508815E-01
    1.55000000000000E+01    1.92325175575907E-01    1.24080758436069E-02    4.64817145376959E-01
    1.56000000000000E+01    1.89643671822614E-01    1.21566456296547E-02    4.51946028991350E-01
    1.57000000000000E+01    1.86976503808568E-01    1.19093314527750E-02    4.39322993019319E-01
    1.58000000000000E+01    1.84324411396766E-01    1.16661019871371E-02    4.26948582013529E-01
    1.59000000000000E+01    1.81688100752106E-01    1.14269245756042E-02    4.14823005979114E-01
    1.60000000000000E+01    1.79068245066294E-01    1.11917653166434E-02    4.02946157602004E-01
    1.61000000000000E+01    1.76465485284149E-01    1.09605891480838E-02    3.91317629118060E-01
    1.62000000000000E+01    1.73880430830417E-01    1.07333599278035E-02    3.79936728805390E-01
    1.63000000000000E+01    1.71313660336034E-01    1.05100405114132E-02    3.68802497083418E-01
    1.64000000000000E+01    1.68765722363133E-01    1.02905928270203E-02    3.57913722205975E-01
    1.65000000000000E+01    1.66237136127865E-01    1.00749779471433E-02    3.47268955536470E-01
    1.66000000000000E+01    1.63728392220372E-01    9.86315615785375E-03    3.36866526396102E-01
    1.67000000000000E+01    1.61239953321125E-01    9.65508702521706E-03    3.26704556477234E-01
    1.68000000000000E+01    1.58772254913012E-01    9.45072945910785E-03    3.16780973816278E-01
    1.69000000000000E+01    1.56325705988506E-01    9.25004177446784E-03    3.07093526321639E-01
    1.70000000000000E+01    1.53900689751372E-01    9.05298175008069E-03    2.97639794854152E-01
    1.71000000000000E+01    1.51497564312344E-01    8.85950668493237E-03    2.88417205858577E-01
    1.72000000000000E+01    1.49116663378270E-01    8.66957345222501E-03    2.79423043546055E-01
    1.73000000000000E+01    1.46758296934277E-01    8.48313855111427E-03    2.70654461628797E-01
    1.74000000000000E+01    1.44422751918486E-01    8.30015815623483E-03    2.62108494609122E-01
    1.75000000000000E+01    1.42110292888926E-01    8.12058816508149E-03    2.53782068626240E-01
    1.76000000000000E+01    1.39821162682226E-01    7.94438424330830E-03    2.45672011864834E-01
    1.77000000000000E+01    1.37555583063797E-01    7.77150186801114E-03    2.37775064530619E-01
    1.78000000000000E+01    1.35313755369173E-01    7.60189636905467E-03    2.30087888398621E-01
    1.79000000000000E+01    1.33095861136235E-01    7.43552296850476E-03    2.22607075940679E-01
    1.80000000000000E+01    1.30902062728070E-01    7.27233681822612E-03    2.15329159039311E-01
    1.81000000000000E+01    1.28732503946240E-01    7.11229303570389E-03    2.08250617295627E-01
    1.82000000000000E+01    1.26587310634257E-01    6.95534673814600E-03    2.01367885939446E-01
    1.83000000000000E+01    1.24466591271086E-01    6.80145307492276E-03    1.94677363350238E-01
    1.84000000000000E+01    1.22370437554531E-01    6.65056725839841E-03    1.88175418197864E-01
    1.85000000000000E+01    1.20298924974353E-01    6.50264459320825E-03    1.81858396212412E-01
    1.86000000000000E+01    1.18252113375011E-01    6.35764050403285E-03    1.75722626592658E-01
    1.87000000000000E+01    1.16230047507935E-01    6.21551056192165E-03    1.69764428062992E-01
    1.88000000000000E+01    1.14232757573260E-01    6.07621050921594E-03    1.63980114588795E-01
    1.89000000000000E+01    1.12260259750934E-01    5.93969628311822E-03    1.58366000760287E-01
    1.90000000000000E+01    1.10312556721194E-01    5.80592403795759E-03    1.52918406855142E-01
    1.91000000000000E+01    1.08389638174340E-01    5.67485016619583E-03    1.47633663590090E-01
    1.92000000000000E+01    1.06491481309830E-01    5.54643131822033E-03    1.42508116571837E-01
    1.93000000000000E+01    1.04618051324666E-01    5.42062442096716E-03    1.37538130457575E-01
    1.94000000000000E+01    1.02769301891118E-01    5.29738669541844E-03    1.32720092835439E-01
    1.95000000000000E+01    1.00945175623743E-01    5.17667567301247E-03    1.28050417834962E-01
    1.96000000000000E+01    9.91456045358260E-02    5.05844921101153E-03    1.23525549477891E-01
    1.97000000000000E+01    9.73705104852173E-02    4.94266550686382E-03    1.19141964779285E-01
    1.98000000000000E+01    9.56198056096511E-02    4.82928311159854E-03    1.14896176608832E-01
    1.99000000000000E+01    9.38933927516060E-02    4.71826094229176E-03    1.10784736322227E-01
    2.00000000000000E+01    9.21911658727798E-02    4.60955829363899E-03    1.06804236172231E-01
 
 
 # exact solution (rho, Rexact)
    0.00000000000000E+00    0.00000000000000E+00
    1.00000000000000E+00    6.46025287176962E-03
    2.00000000000000E+00    1.85158938273887E-02
    3.00000000000000E+00    2.98512397588139E-02
    4.00000000000000E+00    3.80255074606850E-02
    5.00000000000000E+00    4.25726042125594E-02
    6.00000000000000E+00    4.39266296029888E-02
    7.00000000000000E+00    4.28407074568730E-02
    8.00000000000000E+00    4.00936597681391E-02
    9.00000000000000E+00    3.63593338895080E-02
    1.00000000000000E+01    3.21637051400483E-02
    1.10000000000000E+01    2.78860251742584E-02
    1.20000000000000E+01    2.37792914358010E-02
    1.30000000000000E+01    1.99966983252416E-02
    1.40000000000000E+01    1.66173908271851E-02
    1.50000000000000E+01    1.36686131950865E-02
    1.60000000000000E+01    1.11433834113724E-02
    1.70000000000000E+01    9.01384578778639E-03
    1.80000000000000E+01    7.24089856866771E-03
    1.90000000000000E+01    5.78082507824477E-03
    2.00000000000000E+01    4.58963121275629E-03
