 # numeric solution (rho, u, R, P)
    0.00000000000000E+00    0.00000000000000E+00    0.00000000000000E+00    0.00000000000000E+00
    1.00000000000000E-01    1.94169204546807E-03    1.94169204546807E-02    4.73773283592843E-05
    2.00000000000000E-01    7.38797842787276E-03    3.69398921393638E-02    6.85900471456897E-04
    3.00000000000000E-01    1.58122405533804E-02    5.27074685112678E-02    3.14193133383990E-03
    4.00000000000000E-01    2.67396773007271E-02    6.68491932518177E-02    8.98508495251920E-03
    5.00000000000000E-01    3.97430747657898E-02    7.94861495315796E-02    1.98487330792755E-02
    6.00000000000000E-01    5.44388862777867E-02    9.07314771296444E-02    3.72415996838329E-02
    7.00000000000000E-01    7.04836014655406E-02    1.00690859236487E-01    6.24289510465873E-02
    8.00000000000000E-01    8.75703845339497E-02    1.09462980667437E-01    9.63661209441168E-02
    9.00000000000000E-01    1.05425963205725E-01    1.17139959117472E-01    1.39670606541417E-01
    1.00000000000000E+00    1.23807750997054E-01    1.23807750997054E-01    1.92621842704541E-01
    1.10000000000000E+00    1.42501186632880E-01    1.29546533302619E-01    2.55180113131065E-01
    1.20000000000000E+00    1.61317275472815E-01    1.34431062894013E-01    3.27017972051883E-01
    1.30000000000000E+00    1.80090318816633E-01    1.38531014474333E-01    4.07559103115638E-01
    1.40000000000000E+00    1.98675817892990E-01    1.41911298494993E-01    4.96020793933590E-01
    1.50000000000000E+00    2.16948540210334E-01    1.44632360140223E-01    5.91457207486406E-01
    1.60000000000000E+00    2.34800736768617E-01    1.46750460480386E-01    6.92801428797002E-01
    1.70000000000000E+00    2.52140499397775E-01    1.48317940822221E-01    7.98904893577220E-01
    1.80000000000000E+00    2.68890248207233E-01    1.49383471226241E-01    9.08573295636827E-01
    1.90000000000000E+00    2.84985339803159E-01    1.49992284106926E-01    1.02059844733604E+00
    2.00000000000000E+00    3.00372787559115E-01    1.50186393779557E-01    1.13378585362490E+00
    2.10000000000000E+00    3.15010085814696E-01    1.50004802768903E-01    1.24697797300190E+00
    2.20000000000000E+00    3.28864130427327E-01    1.49483695648785E-01    1.35907329273808E+00
    2.30000000000000E+00    3.41910228617540E-01    1.48656621138061E-01    1.46904145309266E+00
    2.40000000000000E+00    3.54131191529857E-01    1.47554663137440E-01    1.57593472597261E+00
    2.50000000000000E+00    3.65516503381837E-01    1.46206601352735E-01    1.67889619573227E+00
    2.60000000000000E+00    3.76061561495066E-01    1.44639062113487E-01    1.77716501023095E+00
    2.70000000000000E+00    3.85766981895371E-01    1.42876659961248E-01    1.87007907426083E+00
    2.80000000000000E+00    3.94637965537576E-01    1.40942130549134E-01    1.95707554937472E+00
    2.90000000000000E+00    4.02683720553790E-01    1.38856455363376E-01    2.03768950745584E+00
    3.00000000000000E+00    4.09916936245389E-01    1.36638978748463E-01    2.11155106283800E+00
    3.10000000000000E+00    4.16353304838714E-01    1.34307517689908E-01    2.17838128156695E+00
    3.20000000000000E+00    4.22011087304806E-01    1.31878464782752E-01    2.23798713817332E+00
    3.30000000000000E+00    4.26910719804739E-01    1.29366884789315E-01    2.29025576138051E+00
    3.40000000000000E+00    4.31074457566464E-01    1.26786605166607E-01    2.33514818146650E+00
    3.50000000000000E+00    4.34526053226805E-01    1.24150300921944E-01    2.37269276423095E+00
    3.60000000000000E+00    4.37290466884721E-01    1.21469574134645E-01    2.40297849018545E+00
    3.70000000000000E+00    4.39393605310479E-01    1.18755028462292E-01    2.42614821301862E+00
    3.80000000000000E+00    4.40862087940018E-01    1.16016338931584E-01    2.44239200878116E+00
    3.90000000000000E+00    4.41723037456478E-01    1.13262317296533E-01    2.45194070670009E+00
    4.00000000000000E+00    4.42003892921428E-01    1.10500973230357E-01    2.45505967407990E+00
    4.10000000000000E+00    4.41732243568195E-01    1.07739571601999E-01    2.45204291135494E+00
    4.20000000000000E+00    4.40935681509238E-01    1.04984686073628E-01    2.44320749894343E+00
    4.30000000000000E+00    4.39641671739559E-01    1.02242249241758E-01    2.42888842501552E+00
    4.40000000000000E+00    4.37877437939104E-01    9.95175995316146E-02    2.40943381250064E+00
    4.50000000000000E+00    4.35669862689900E-01    9.68155250422000E-02    2.38520055448912E+00
    4.60000000000000E+00    4.33045400828476E-01    9.41403045279297E-02    2.35655035948733E+00
    4.70000000000000E+00    4.30030004751783E-01    9.14957456918688E-02    2.32384620162307E+00
    4.80000000000000E+00    4.26649060585491E-01    8.88852209553106E-02    2.28744916572750E+00
    4.90000000000000E+00    4.22927334207983E-01    8.63117008587720E-02    2.24771567310974E+00
    5.00000000000000E+00    4.18888926201872E-01    8.37777852403745E-02    2.20499507066197E+00
    5.10000000000000E+00    4.14557234877642E-01    8.12857323289494E-02    2.15962756356448E+00
    5.20000000000000E+00    4.09954926581721E-01    7.88374858811001E-02    2.11194247019504E+00
    5.30000000000000E+00    4.05103912564326E-01    7.64347004838351E-02    2.06225677678348E+00
    5.40000000000000E+00    4.00025331740573E-01    7.40787651371431E-02    2.01087396879355E+00
    5.50000000000000E+00    3.94739538732620E-01    7.17708252241127E-02    1.95808311588377E+00
    5.60000000000000E+00    3.89266096630680E-01    6.95118029697642E-02    1.90415818751660E+00
    5.70000000000000E+00    3.83623773957515E-01    6.73024164837745E-02    1.84935757679147E+00
    5.80000000000000E+00    3.77830545363992E-01    6.51431974765503E-02    1.79392381080649E+00
    5.90000000000000E+00    3.71903595623230E-01    6.30345077327509E-02    1.73808342676012E+00
    6.00000000000000E+00    3.65859326527991E-01    6.09765544213319E-02    1.68204699404440E+00
    6.10000000000000E+00    3.59713366330111E-01    5.89694043164116E-02    1.62600926371265E+00
    6.20000000000000E+00    3.53480581392387E-01    5.70129969987721E-02    1.57014942789876E+00
    6.30000000000000E+00    3.47175089752844E-01    5.51071571036260E-02    1.51463147299549E+00
    6.40000000000000E+00    3.40810276327962E-01    5.32516056762441E-02    1.45960461163530E+00
    6.50000000000000E+00    3.34398809506828E-01    5.14459706933582E-02    1.40520377975340E+00
    6.60000000000000E+00    3.27952658910922E-01    4.96897968046852E-02    1.35155018621876E+00
    6.70000000000000E+00    3.21483114115690E-01    4.79825543456253E-02    1.29875190369484E+00
    6.80000000000000E+00    3.15000804149493E-01    4.63236476690431E-02    1.24690449051947E+00
    6.90000000000000E+00    3.08515717603805E-01    4.47124228411312E-02    1.19609163447262E+00
    7.00000000000000E+00    3.02037223204768E-01    4.31481747435383E-02    1.14638581031785E+00
    7.10000000000000E+00    2.95574090711965E-01    4.16301536214035E-02    1.09784894396602E+00
    7.20000000000000E+00    2.89134512023829E-01    4.01575711144208E-02    1.05053307700268E+00
    7.30000000000000E+00    2.82726122382352E-01    3.87296058058016E-02    1.00448102615584E+00
    7.40000000000000E+00    2.76356021581441E-01    3.73454083218164E-02    9.59727033048854E-01
    7.50000000000000E+00    2.70030795094047E-01    3.60041060125396E-02    9.16297400288991E-01
    7.60000000000000E+00    2.63756535043232E-01    3.47048072425306E-02    8.74211110588554E-01
    7.70000000000000E+00    2.57538860951386E-01    3.34466053183618E-02    8.33480426201287E-01
    7.80000000000000E+00    2.51382940210028E-01    3.22285820782088E-02    7.94111466486481E-01
    7.90000000000000E+00    2.45293508220270E-01    3.10498111671228E-02    7.56104761889381E-01
    8.00000000000000E+00    2.39274888160876E-01    2.99093610201095E-02    7.19455783052147E-01
    8.10000000000000E+00    2.33331010347152E-01    2.88062975737225E-02    6.84155444147124E-01
    8.20000000000000E+00    2.27465431149562E-01    2.77396867255563E-02    6.50190579857533E-01
    8.30000000000000E+00    2.21681351446165E-01    2.67085965597789E-02    6.17544395722895E-01
    8.40000000000000E+00    2.15981634587725E-01    2.57120993556815E-02    5.86196891820710E-01
    8.50000000000000E+00    2.10368823858397E-01    2.47492733951056E-02    5.56125259974021E-01
    8.60000000000000E+00    2.04845159418923E-01    2.38192045835957E-02    5.27304254862328E-01
    8.70000000000000E+00    1.99412594722547E-01    2.29209878991433E-02    4.99706539570290E-01
    8.80000000000000E+00    1.94072812397103E-01    2.20537286814890E-02    4.73303006240580E-01
    8.90000000000000E+00    1.88827239589316E-01    2.12165437740805E-02    4.48063072603828E-01
    9.00000000000000E+00    1.83677062770015E-01    2.04085625300017E-02    4.23954955245599E-01
    9.10000000000000E+00    1.78623242000980E-01    1.96289276924154E-02    4.00945920536294E-01
    9.20000000000000E+00    1.73666524666223E-01    1.88767961593721E-02    3.79002514200637E-01
    9.30000000000000E+00    1.68807458672221E-01    1.81513396421743E-02    3.58090770538245E-01
    9.40000000000000E+00    1.64046405122967E-01    1.74517452258475E-02    3.38176402328015E-01
    9.50000000000000E+00    1.59383550477279E-01    1.67772158397136E-02    3.19224972460652E-01
    9.60000000000000E+00    1.54818918196728E-01    1.61269706454925E-02    3.01202048343112E-01
    9.70000000000000E+00    1.50352379893692E-01    1.55002453498652E-02    2.84073340111650E-01
    9.80000000000000E+00    1.45983665989762E-01    1.48962924479349E-02    2.67804823674314E-01
    9.90000000000000E+00    1.41712375895547E-01    1.43143814035906E-02    2.52362849583192E-01
    1.00000000000000E+01    1.37537987723450E-01    1.37537987723450E-02    2.37714238710054E-01
    1.01000000000000E+01    1.33459867545441E-01    1.32138482718259E-02    2.23826365668862E-01
    1.02000000000000E+01    1.29477278208375E-01    1.26938508047427E-02    2.10667230895485E-01
    1.03000000000000E+01    1.25589387719526E-01    1.21931444387889E-02    1.98205522258374E-01
    1.04000000000000E+01    1.21795277215342E-01    1.17110843476291E-02    1.86410667036549E-01
    1.05000000000000E+01    1.18093948526569E-01    1.12470427168161E-02    1.75252875062052E-01
    1.06000000000000E+01    1.14484331352853E-01    1.08004086181937E-02    1.64703173783829E-01
    1.07000000000000E+01    1.10965290060165E-01    1.03705878560902E-02    1.54733435970342E-01
    1.08000000000000E+01    1.07535630114133E-01    9.95700278834565E-03    1.45316400727393E-01
    1.09000000000000E+01    1.04194104162504E-01    9.55909212500033E-03    1.36425688468353E-01
    1.10000000000000E+01    1.00939417779677E-01    9.17631070724332E-03    1.28035810434328E-01
    1.11000000000000E+01    9.77702348862169E-02    8.80812926902855E-03    1.20122173323724E-01
    1.12000000000000E+01    9.46851828560291E-02    8.45403418357402E-03    1.12661079553189E-01
    1.13000000000000E+01    9.16828573236856E-02    8.11352719678633E-03    1.05629723635814E-01
    1.14000000000000E+01    8.87618267041519E-02    7.78612514948701E-03    9.90061851275181E-02
    1.15000000000000E+01    8.59206364369487E-02    7.47135969016945E-03    9.27694185592185E-02
    1.16000000000000E+01    8.31578129664785E-02    7.16877697986884E-03    8.68992407402013E-02
    1.17000000000000E+01    8.04718674699996E-02    6.87793739059825E-03    8.13763157876928E-02
    1.18000000000000E+01    7.78612993444403E-02    6.59841519868139E-03    7.61821382086029E-02
    1.19000000000000E+01    7.53245994629213E-02    6.32979827419507E-03    7.12990143318828E-02
    1.20000000000000E+01    7.28602532115882E-02    6.07168776763235E-03    6.67100423640826E-02
    1.21000000000000E+01    7.04667433170162E-02    5.82369779479473E-03    6.23990913161793E-02
    1.22000000000000E+01    6.81425524741550E-02    5.58545512083238E-03    5.83507790268492E-02
    1.23000000000000E+01    6.58861657844509E-02    5.35659884426430E-03    5.45504494858156E-02
    1.24000000000000E+01    6.36960730134743E-02    5.13678008173180E-03    5.09841496408346E-02
    1.25000000000000E+01    6.15707706770809E-02    4.92566165416647E-03    4.76386058531755E-02
    1.26000000000000E+01    5.95087639647878E-02    4.72291777498316E-03    4.45012001489906E-02
    1.27000000000000E+01    5.75085685087748E-02    4.52823374084841E-03    4.15599463978805E-02
    1.28000000000000E+01    5.55687120065530E-02    4.34130562551196E-03    3.88034665349263E-02
    1.29000000000000E+01    5.36877357051368E-02    4.16183997714239E-03    3.62209669288166E-02
    1.30000000000000E+01    5.18641957541400E-02    3.98955351954923E-03    3.38022149858157E-02
    1.31000000000000E+01    5.00966644350180E-02    3.82417285763496E-03    3.15375160677946E-02
    1.32000000000000E+01    4.83837312733306E-02    3.66543418737353E-03    2.94176907917738E-02
    1.33000000000000E+01    4.67240040406560E-02    3.51308301057564E-03    2.74340527686999E-02
    1.34000000000000E+01    4.51161096524765E-02    3.36687385466242E-03    2.55783868302352E-02
    1.35000000000000E+01    4.35586949681250E-02    3.22656999763889E-03    2.38429277842866E-02
    1.36000000000000E+01    4.20504274985828E-02    3.09194319842520E-03    2.22203397326163E-02
    1.37000000000000E+01    4.05899960276884E-02    2.96277343267799E-03    2.07036959772776E-02
    1.38000000000000E+01    3.91761111520672E-02    2.83884863420777E-03    1.92864595366410E-02
    1.39000000000000E+01    3.78075057448334E-02    2.71996444207435E-03    1.79624642863939E-02
    1.40000000000000E+01    3.64829353479101E-02    2.60592395342215E-03    1.67258967361293E-02
    1.41000000000000E+01    3.52011784975634E-02    2.49653748209670E-03    1.55712784478438E-02
    1.42000000000000E+01    3.39610369875393E-02    2.39162232306615E-03    1.44934490988831E-02
    1.43000000000000E+01    3.27613360739843E-02    2.29100252265624E-03    1.34875501885332E-02
    1.44000000000000E+01    3.16009246261207E-02    2.19450865459172E-03    1.25490093845111E-02
    1.45000000000000E+01    3.04786752264506E-02    2.10197760182418E-03    1.16735255030449E-02
    1.46000000000000E+01    2.93934842240784E-02    2.01325234411496E-03    1.08570541140188E-02
    1.47000000000000E+01    2.83442717445578E-02    1.92818175133046E-03    1.00957937607437E-02
    1.48000000000000E+01    2.73299816594904E-02    1.84662038239800E-03    9.38617278229061E-03
    1.49000000000000E+01    2.63495815189389E-02    1.76842828986167E-03    8.72483672495579E-03
    1.50000000000000E+01    2.54020624495549E-02    1.69347082997033E-03    8.10863632829193E-03
    1.51000000000000E+01    2.44864390211636E-02    1.62161847822275E-03    7.53461607021486E-03
    1.52000000000000E+01    2.36017490844031E-02    1.55274665028968E-03    7.00000325496001E-03
    1.53000000000000E+01    2.27470535818664E-02    1.48673552822656E-03    6.50219762709527E-03
    1.54000000000000E+01    2.19214363350669E-02    1.42346989188746E-03    6.03876149438755E-03
    1.55000000000000E+01    2.11240038094078E-02    1.36283895544566E-03    5.60741034203666E-03
    1.56000000000000E+01    2.03538848592181E-02    1.30473620892424E-03    5.20600392063355E-03
    1.57000000000000E+01    1.96102304547909E-02    1.24905926463636E-03    4.83253779014536E-03
    1.58000000000000E+01    1.88922133932535E-02    1.19570970843376E-03    4.48513530227138E-03
    1.59000000000000E+01    1.81990279949843E-02    1.14459295565939E-03    4.16204000363326E-03
    1.60000000000000E+01    1.75298897871890E-02    1.09561811169931E-03    3.86160844245422E-03
    1.61000000000000E+01    1.68840351761471E-02    1.04869783702777E-03    3.58230336163390E-03
    1.62000000000000E+01    1.62607211095495E-02    1.00374821663886E-03    3.32268726143027E-03
    1.63000000000000E+01    1.56592247302562E-02    9.60688633758052E-04    3.08141631530834E-03
    1.64000000000000E+01    1.50788430227152E-02    9.19441647726535E-04    2.85723462289704E-03
    1.65000000000000E+01    1.45188924532059E-02    8.79932875951874E-04    2.64896878441338E-03
    1.66000000000000E+01    1.39787086049868E-02    8.42090879818483E-04    2.45552278134782E-03
    1.67000000000000E+01    1.34576458093653E-02    8.05847054453012E-04    2.27587314866817E-03
    1.68000000000000E+01    1.29550767736232E-02    7.71135522239476E-04    2.10906442426441E-03
    1.69000000000000E+01    1.24703922066769E-02    7.37893029980884E-04    1.95420486184407E-03
    1.70000000000000E+01    1.20030004432821E-02    7.06058849604831E-04    1.81046239397345E-03
    1.71000000000000E+01    1.15523270675361E-02    6.75574682312051E-04    1.67706083245268E-03
    1.72000000000000E+01    1.11178145363737E-02    6.46384566068236E-04    1.55327629370370E-03
    1.73000000000000E+01    1.06989218036994E-02    6.18434786341005E-04    1.43843383734028E-03
    1.74000000000000E+01    1.02951239457477E-02    5.91673789985500E-04    1.33190430657388E-03
    1.75000000000000E+01    9.90591178821917E-03    5.66052102183953E-04    1.23310135958921E-03
    1.76000000000000E+01    9.53079153568846E-03    5.41522246345935E-04    1.14147868149219E-03
    1.77000000000000E+01    9.16928440374542E-03    5.18038666878272E-04    1.05652736689710E-03
    1.78000000000000E+01    8.82092625428386E-03    4.95557654735049E-04    9.77773463669149E-04
    1.79000000000000E+01    8.48526723432171E-03    4.74037275660431E-04    9.04775668780596E-04
    1.80000000000000E+01    8.16187141869464E-03    4.53437301038591E-04    8.37123167664866E-04
    1.81000000000000E+01    7.85031645693442E-03    4.33719141267095E-04    7.74433608869213E-04
    1.82000000000000E+01    7.55019322461469E-03    4.14845781572235E-04    7.16351206209195E-04
    1.83000000000000E+01    7.26110547941197E-03    3.96781720186447E-04    6.62544961015809E-04
    1.84000000000000E+01    6.98266952210612E-03    3.79492908810115E-04    6.12706997442075E-04
    1.85000000000000E+01    6.71451386271804E-03    3.62946695282056E-04    5.66551004157013E-04
    1.86000000000000E+01    6.45627889195774E-03    3.47111768384825E-04    5.23810776102269E-04
    1.87000000000000E+01    6.20761655813145E-03    3.31958104712912E-04    4.84238850320070E-04
    1.88000000000000E+01    5.96819004963876E-03    3.17456917533977E-04    4.47605230181770E-04
    1.89000000000000E+01    5.73767348316884E-03    3.03580607575071E-04    4.13696192652345E-04
    1.90000000000000E+01    5.51575159768698E-03    2.90302715667736E-04    3.82313173519468E-04
    1.91000000000000E+01    5.30211945428376E-03    2.77597877187631E-04    3.53271725795689E-04
    1.92000000000000E+01    5.09648214194751E-03    2.65441778226433E-04    3.26400546770232E-04
    1.93000000000000E+01    4.89855448930077E-03    2.53811113435273E-04    3.01540569441109E-04
    1.94000000000000E+01    4.70806078233199E-03    2.42683545481030E-04    2.78544114301672E-04
    1.95000000000000E+01    4.52473448813686E-03    2.32037666058301E-04    2.57274097686228E-04
    1.96000000000000E+01    4.34831798467690E-03    2.21852958401882E-04    2.37603293099696E-04
    1.97000000000000E+01    4.17856229654698E-03    2.12109761246040E-04    2.19413642164321E-04
    1.98000000000000E+01    4.01522683673712E-03    2.02789234178642E-04    2.02595612014955E-04
    1.99000000000000E+01    3.85807915436287E-03    1.93873324339843E-04    1.87047596162124E-04
    2.00000000000000E+01    3.70689468833082E-03    1.85344734416541E-04    1.72675356020092E-04
 
 
 # exact solution (rho, Rexact)
    0.00000000000000E+00    0.00000000000000E+00
    1.00000000000000E+00    1.23807552470801E-01
    2.00000000000000E+00    1.50186152955043E-01
    3.00000000000000E+00    1.36638759647287E-01
    4.00000000000000E+00    1.10500796041580E-01
    5.00000000000000E+00    8.37776509023381E-02
    6.00000000000000E+00    6.09764566451638E-02
    7.00000000000000E+00    4.31481055552516E-02
    8.00000000000000E+00    2.99093130603167E-02
    9.00000000000000E+00    2.04085298047788E-02
    1.00000000000000E+01    1.37537767180638E-02
    1.10000000000000E+01    9.17629599298224E-03
    1.20000000000000E+01    6.07167803164572E-03
    1.30000000000000E+01    3.98954712227152E-03
    1.40000000000000E+01    2.60591977479721E-03
    1.50000000000000E+01    1.69346811446352E-03
    1.60000000000000E+01    1.09561635484572E-03
    1.70000000000000E+01    7.06057717402560E-04
    1.80000000000000E+01    4.53436573903805E-04
    1.90000000000000E+01    2.90302250102584E-04
    2.00000000000000E+01    1.85344437127139E-04
