 # numeric solution (rho, u, R, P)
    0.00000000000000E+00    0.00000000000000E+00    0.00000000000000E+00    0.00000000000000E+00
    1.00000000000000E-01    1.16553745027541E-03    1.16553745027541E-02    1.70711323393848E-05
    2.00000000000000E-01    4.43287742928977E-03    2.21643871464489E-02    2.46934238062096E-04
    3.00000000000000E-01    9.48066106038846E-03    3.16022035346282E-02    1.12950226233398E-03
    4.00000000000000E-01    1.60159528784704E-02    4.00398821961759E-02    3.22340910840922E-03
    5.00000000000000E-01    2.37722882777335E-02    4.75445765554671E-02    7.10152859824616E-03
    6.00000000000000E-01    3.25078365795387E-02    5.41797276325645E-02    1.32796307617266E-02
    7.00000000000000E-01    4.20036735150617E-02    6.00052478786596E-02    2.21709556044539E-02
    8.00000000000000E-01    5.20621572279203E-02    6.50776965349003E-02    3.40607481309541E-02
    9.00000000000000E-01    6.25054021977001E-02    6.94504468863335E-02    4.90958713313781E-02
    1.00000000000000E+00    7.31738457670287E-02    7.31738457670287E-02    6.72855218985600E-02
    1.10000000000000E+00    8.39249022230744E-02    7.62953656573404E-02    8.85098392336552E-02
    1.20000000000000E+00    9.46316996398266E-02    7.88597496998555E-02    1.12533841585450E-01
    1.30000000000000E+00    1.05181894930700E-01    8.09091499466925E-02    1.39024661204836E-01
    1.40000000000000E+00    1.15476562792612E-01    8.24832591375801E-02    1.67570498224446E-01
    1.50000000000000E+00    1.25429154443048E-01    8.36194362953653E-02    1.97700083687807E-01
    1.60000000000000E+00    1.34964522261492E-01    8.43528264134324E-02    2.28901747132732E-01
    1.70000000000000E+00    1.44018006646235E-01    8.47164744977854E-02    2.60641433252616E-01
    1.80000000000000E+00    1.52534581587604E-01    8.47414342153354E-02    2.92379213967250E-01
    1.90000000000000E+00    1.60468055639482E-01    8.44568713892012E-02    3.23584004121670E-01
    2.00000000000000E+00    1.67780325142950E-01    8.38901625714751E-02    3.53746317370994E-01
    2.10000000000000E+00    1.74440676719557E-01    8.30669889140747E-02    3.82388999087601E-01
    2.20000000000000E+00    1.80425136207361E-01    8.20114255488007E-02    4.09075950052633E-01
    2.30000000000000E+00    1.85715861360903E-01    8.07460266786534E-02    4.33418912299915E-01
    2.40000000000000E+00    1.90300575777000E-01    7.92919065737498E-02    4.55082430209504E-01
    2.50000000000000E+00    1.94172041642188E-01    7.76688166568751E-02    4.73787128731856E-01
    2.60000000000000E+00    1.97327569024730E-01    7.58952188556654E-02    4.89311468946671E-01
    2.70000000000000E+00    1.99768559555206E-01    7.39883553908169E-02    5.01492151126206E-01
    2.80000000000000E+00    2.01500082454523E-01    7.19643151623295E-02    5.10223338847049E-01
    2.90000000000000E+00    2.02530480977518E-01    6.98380968887994E-02    5.15454875960729E-01
    3.00000000000000E+00    2.02871007444102E-01    6.76236691480340E-02    5.17189662624821E-01
    3.10000000000000E+00    2.02535485128440E-01    6.53340274607871E-02    5.15480348135054E-01
    3.20000000000000E+00    2.01539995370461E-01    6.29812485532690E-02    5.10425487827576E-01
    3.30000000000000E+00    1.99902588362812E-01    6.05765419281249E-02    5.02165299522975E-01
    3.40000000000000E+00    1.97643016150991E-01    5.81302988679386E-02    4.90877142417201E-01
    3.50000000000000E+00    1.94782486464518E-01    5.56521389898623E-02    4.76770828429672E-01
    3.60000000000000E+00    1.91343436073158E-01    5.31509544647662E-02    4.60083863146406E-01
    3.70000000000000E+00    1.87349322434588E-01    5.06349520093480E-02    4.41076700915694E-01
    3.80000000000000E+00    1.82824432468357E-01    4.81116927548309E-02    4.20028086568164E-01
    3.90000000000000E+00    1.77793707356212E-01    4.55881300913363E-02    3.97230544793251E-01
    4.00000000000000E+00    1.72282582330483E-01    4.30706455826207E-02    3.72986067511856E-01
    4.10000000000000E+00    1.66316840470935E-01    4.05650830416914E-02    3.47602039708725E-01
    4.20000000000000E+00    1.59922479585890E-01    3.80767808537833E-02    3.21387435162881E-01
    4.30000000000000E+00    1.53125591306260E-01    3.56106026293629E-02    2.94649305354638E-01
    4.40000000000000E+00    1.45952251570931E-01    3.31709662661208E-02    2.67689577524774E-01
    4.50000000000000E+00    1.38428421729340E-01    3.07618714954089E-02    2.40802171396105E-01
    4.60000000000000E+00    1.30579859531911E-01    2.83869259851981E-02    2.14270438405779E-01
    4.70000000000000E+00    1.22432039321566E-01    2.60493700684184E-02    1.88364922398705E-01
    4.80000000000000E+00    1.14010080779712E-01    2.37521001624401E-02    1.63341436550813E-01
    4.90000000000000E+00    1.05338685618285E-01    2.14976909425072E-02    1.39439447776134E-01
    5.00000000000000E+00    9.64420816455420E-02    1.92884163291084E-02    1.16880756970960E-01
    5.10000000000000E+00    8.73439736674350E-02    1.71262693465559E-02    9.58684611085267E-02
    5.20000000000000E+00    7.80675007187779E-02    1.50129809074573E-02    7.65861813661349E-02
    5.30000000000000E+00    6.86351991490397E-02    1.29500375752905E-02    5.91975400915867E-02
    5.40000000000000E+00    5.90689711165264E-02    1.09386983549123E-02    4.38458684472077E-02
    5.50000000000000E+00    4.93900580721314E-02    8.98001055856935E-03    3.06541259602603E-02
    5.60000000000000E+00    3.96190188397462E-02    7.07482479281183E-03    1.97250129129555E-02
    5.70000000000000E+00    2.97757119248662E-02    5.22380910962564E-03    1.11412564813737E-02
    5.80000000000000E+00    1.98792817061203E-02    3.42746236312419E-03    4.96605174145437E-03
    5.90000000000000E+00    9.94814818628235E-03    1.68612681123430E-03    1.24363906534892E-03
    6.00000000000000E+00   -2.04877653305385E-16   -3.41462755508975E-17    5.27471557068580E-31
    6.10000000000000E+00   -9.94820960503159E-03   -1.63085403361174E-03    1.24365442157206E-03
    6.20000000000000E+00   -1.98802640782989E-02   -3.20649420617725E-03    4.96654256719758E-03
    6.30000000000000E+00   -2.97806824155868E-02   -4.72709244691854E-03    1.11449764350198E-02
    6.40000000000000E+00   -3.96347157780447E-02   -6.19292434031949E-03    1.97406459929975E-02
    6.50000000000000E+00   -4.94283420968276E-02   -7.60436032258886E-03    3.07016666272232E-02
    6.60000000000000E+00   -5.91482588643347E-02   -8.96185740368708E-03    4.39636552747510E-02
    6.70000000000000E+00   -6.87818742993269E-02   -1.02659513879592E-02    5.94508237095317E-02
    6.80000000000000E+00   -7.83172970602637E-02   -1.15172495676858E-02    7.70770784704322E-02
    6.90000000000000E+00   -8.77433246689946E-02   -1.27164238650717E-02    9.67471179267525E-02
    7.00000000000000E+00   -9.70494307954428E-02   -1.38642043993490E-02    1.18357517960107E-01
    7.10000000000000E+00   -1.06225751543138E-01   -1.49613734567800E-02    1.41797798694687E-01
    7.20000000000000E+00   -1.15263070865255E-01   -1.60087598423965E-02    1.66951465624511E-01
    7.30000000000000E+00   -1.24152805231265E-01   -1.70072335933240E-02    1.93697019361724E-01
    7.40000000000000E+00   -1.32886987655309E-01   -1.79577010345012E-02    2.21908929060481E-01
    7.50000000000000E+00   -1.41458251188982E-01   -1.88611001585309E-02    2.51458565354030E-01
    7.60000000000000E+00   -1.49859811973224E-01   -1.97183963122663E-02    2.82215089375929E-01
    7.70000000000000E+00   -1.58085451936621E-01   -2.05305781735872E-02    3.14046295119794E-01
    7.80000000000000E+00   -1.66129501220402E-01   -2.12986540026156E-02    3.46819403024183E-01
    7.90000000000000E+00   -1.73986820403893E-01   -2.20236481523916E-02    3.80401803251289E-01
    8.00000000000000E+00   -1.81652782598004E-01   -2.27065978247505E-02    4.14661747659887E-01
    8.10000000000000E+00   -1.89123255468581E-01   -2.33485500578495E-02    4.49468989956311E-01
    8.20000000000000E+00   -1.96394583246138E-01   -2.39505589324559E-02    4.84695373943286E-01
    8.30000000000000E+00   -2.03463568773303E-01   -2.45136829847353E-02    5.20215370176293E-01
    8.40000000000000E+00   -2.10327455636758E-01   -2.50389828138997E-02    5.55906561684229E-01
    8.50000000000000E+00   -2.16983910425923E-01   -2.55275188736380E-02    5.91650079715590E-01
    8.60000000000000E+00   -2.23431005156593E-01   -2.59803494368131E-02    6.27330990737260E-01
    8.70000000000000E+00   -2.29667199893880E-01   -2.63985287234345E-02    6.62838636141378E-01
    8.80000000000000E+00   -2.35691325605217E-01   -2.67831051824111E-02    6.98066926309289E-01
    8.90000000000000E+00   -2.41502567270907E-01   -2.71351199180794E-02    7.32914590843254E-01
    9.00000000000000E+00   -2.47100447276488E-01   -2.74556052529431E-02    7.67285386907344E-01
    9.10000000000000E+00   -2.52484809108455E-01   -2.77455834185115E-02    8.01088267723169E-01
    9.20000000000000E+00   -2.57655801372048E-01   -2.80060653665270E-02    8.34237513343724E-01
    9.30000000000000E+00   -2.62613862147421E-01   -2.82380496932711E-02    8.66652825883820E-01
    9.40000000000000E+00   -2.67359703698207E-01   -2.84425216700221E-02    8.98259391419847E-01
    9.50000000000000E+00   -2.71894297544269E-01   -2.86204523730809E-02    9.28987910785861E-01
    9.60000000000000E+00   -2.76218859908551E-01   -2.87727979071407E-02    9.58774601491658E-01
    9.70000000000000E+00   -2.80334837546095E-01   -2.89004987160923E-02    9.87561172971166E-01
    9.80000000000000E+00   -2.84243893961591E-01   -2.90044789756725E-02    1.01529477733906E+00
    9.90000000000000E+00   -2.87947896020233E-01   -2.90856460626498E-02    1.04192793779084E+00
    1.00000000000000E+01   -2.91448900955354E-01   -2.91448900955354E-02    1.06741845673041E+00
    1.01000000000000E+01   -2.94749143774892E-01   -2.91830835420686E-02    1.09172930564739E+00
    1.02000000000000E+01   -2.97851025067590E-01   -2.92010808889794E-02    1.11482849869879E+00
    1.03000000000000E+01   -3.00757099208747E-01   -2.91997183697812E-02    1.13668895187543E+00
    1.04000000000000E+01   -3.03470062964330E-01   -2.91798137465702E-02    1.15728832955443E+00
    1.05000000000000E+01   -3.05992744491335E-01   -2.91421661420319E-02    1.17660888015620E+00
    1.06000000000000E+01   -3.08328092731440E-01   -2.90875559180604E-02    1.19463726253876E+00
    1.07000000000000E+01   -3.10479167194359E-01   -2.90167445976036E-02    1.21136436467504E+00
    1.08000000000000E+01   -3.12449128126535E-01   -2.89304748265311E-02    1.22678511606974E+00
    1.09000000000000E+01   -3.14241227060200E-01   -2.88294703724955E-02    1.24089829528303E+00
    1.10000000000000E+01   -3.15858797737328E-01   -2.87144361579389E-02    1.25370633383929E+00
    1.11000000000000E+01   -3.17305247402659E-01   -2.85860583245638E-02    1.26521511771241E+00
    1.12000000000000E+01   -3.18584048459163E-01   -2.84450043267110E-02    1.27543378748880E+00
    1.13000000000000E+01   -3.19698730479473E-01   -2.82919230512808E-02    1.28437453822810E+00
    1.14000000000000E+01   -3.20652872566077E-01   -2.81274449619365E-02    1.29205241995544E+00
    1.15000000000000E+01   -3.21450096052905E-01   -2.79521822654700E-02    1.29848513963854E+00
    1.16000000000000E+01   -3.22094057540895E-01   -2.77667290983530E-02    1.30369286542682E+00
    1.17000000000000E+01   -3.22588442259517E-01   -2.75716617315826E-02    1.30769803385039E+00
    1.18000000000000E+01   -3.22936957746533E-01   -2.73675387920790E-02    1.31052516060868E+00
    1.19000000000000E+01   -3.23143327837839E-01   -2.71549014989781E-02    1.31220065550613E+00
    1.20000000000000E+01   -3.23211286959237E-01   -2.69342739132698E-02    1.31275264202795E+00
    1.21000000000000E+01   -3.23144574711837E-01   -2.67061631993254E-02    1.31221078198496E+00
    1.22000000000000E+01   -3.22946930742937E-01   -2.64710598969620E-02    1.31060610559942E+00
    1.23000000000000E+01   -3.22622089893982E-01   -2.62294382027628E-02    1.30797084734544E+00
    1.24000000000000E+01   -3.22173777617307E-01   -2.59817562594602E-02    1.30433828780643E+00
    1.25000000000000E+01   -3.21605705653372E-01   -2.57284564522698E-02    1.29974260176240E+00
    1.26000000000000E+01   -3.20921567960315E-01   -2.54699657111361E-02    1.29421871267474E+00
    1.27000000000000E+01   -3.20125036887519E-01   -2.52066958179149E-02    1.28780215369200E+00
    1.28000000000000E+01   -3.19219759585172E-01   -2.49390437175915E-02    1.28052893526251E+00
    1.29000000000000E+01   -3.18209354641649E-01   -2.46673918326859E-02    1.27243541940119E+00
    1.30000000000000E+01   -3.17097408940898E-01   -2.43921083800691E-02    1.26355820062684E+00
    1.31000000000000E+01   -3.15887474731890E-01   -2.41135476894573E-02    1.25393399355338E+00
    1.32000000000000E+01   -3.14583066902437E-01   -2.38320505229119E-02    1.24359952709232E+00
    1.33000000000000E+01   -3.13187660449734E-01   -2.35479443947169E-02    1.23259144519744E+00
    1.34000000000000E+01   -3.11704688140196E-01   -2.32615438910594E-02    1.22094621406107E+00
    1.35000000000000E+01   -3.10137538351205E-01   -2.29731509889781E-02    1.20870003565026E+00
    1.36000000000000E+01   -3.08489553087530E-01   -2.26830553740831E-02    1.19588876745343E+00
    1.37000000000000E+01   -3.06764026165501E-01   -2.23915347566059E-02    1.18254784829313E+00
    1.38000000000000E+01   -3.04964201557849E-01   -2.20988551853514E-02    1.16871223004512E+00
    1.39000000000000E+01   -3.03093271892586E-01   -2.18052713591788E-02    1.15441631509378E+00
    1.40000000000000E+01   -3.01154377099316E-01   -2.15110269356654E-02    1.13969389934324E+00
    1.41000000000000E+01   -2.99150603196506E-01   -2.12163548366316E-02    1.12457812059487E+00
    1.42000000000000E+01   -2.97084981213499E-01   -2.09214775502464E-02    1.10910141209581E+00
    1.43000000000000E+01   -2.94960486241112E-01   -2.06266074294484E-02    1.09329546105721E+00
    1.44000000000000E+01   -2.92780036604913E-01   -2.03319469864523E-02    1.07719117193714E+00
    1.45000000000000E+01   -2.90546493155388E-01   -2.00376891831302E-02    1.06081863428083E+00
    1.46000000000000E+01   -2.88262658669356E-01   -1.97440177170792E-02    1.04420709490809E+00
    1.47000000000000E+01   -2.85931277357300E-01   -1.94511073032177E-02    1.02738493423948E+00
    1.48000000000000E+01   -2.83555034471071E-01   -1.91591239507480E-02    1.01037964654941E+00
    1.49000000000000E+01   -2.81136556007189E-01   -1.88682252353818E-02    9.93217823940876E-01
    1.50000000000000E+01   -2.78678408500441E-01   -1.85785605666961E-02    9.75925143832915E-01
    1.51000000000000E+01   -2.76183098903204E-01   -1.82902714505433E-02    9.58526359759183E-01
    1.52000000000000E+01   -2.73653074545698E-01   -1.80034917464275E-02    9.41045295276496E-01
    1.53000000000000E+01   -2.71090723172784E-01   -1.77183479197898E-02    9.23504840787890E-01
    1.54000000000000E+01   -2.68498373052882E-01   -1.74349592891482E-02    9.05926953087713E-01
    1.55000000000000E+01   -2.65878293154855E-01   -1.71534382680551E-02    8.88332657442151E-01
    1.56000000000000E+01   -2.63232693388806E-01   -1.68738906018465E-02    8.70742052023058E-01
    1.57000000000000E+01   -2.60563724906911E-01   -1.65964155991663E-02    8.53174314518941E-01
    1.58000000000000E+01   -2.57873480460490E-01   -1.63211063582589E-02    8.35647710752041E-01
    1.59000000000000E+01   -2.55163994809744E-01   -1.60480499880342E-02    8.18179605137034E-01
    1.60000000000000E+01   -2.52437245182661E-01   -1.57773278239163E-02    8.00786472822481E-01
    1.61000000000000E+01   -2.49695151779742E-01   -1.55090156384933E-02    7.83483913362453E-01
    1.62000000000000E+01   -2.46939578321345E-01   -1.52431838469966E-02    7.66286665772165E-01
    1.63000000000000E+01   -2.44172332634549E-01   -1.49798977076410E-02    7.49208624827597E-01
    1.64000000000000E+01   -2.41395167276603E-01   -1.47192175168661E-02    7.32262858475637E-01
    1.65000000000000E+01   -2.38609780192095E-01   -1.44611987995209E-02    7.15461626227293E-01
    1.66000000000000E+01   -2.35817815401125E-01   -1.42058924940437E-02    6.98816398413090E-01
    1.67000000000000E+01   -2.33020863715917E-01   -1.39533451326897E-02    6.82337876185978E-01
    1.68000000000000E+01   -2.30220463483311E-01   -1.37035990168637E-02    6.66036012162909E-01
    1.69000000000000E+01   -2.27418101350817E-01   -1.34566923876223E-02    6.49920031602765E-01
    1.70000000000000E+01   -2.24615213053941E-01   -1.32126595914083E-02    6.33998454023968E-01
    1.71000000000000E+01   -2.21813184222572E-01   -1.29715312410861E-02    6.18279115170781E-01
    1.72000000000000E+01   -2.19013351204407E-01   -1.27333343723492E-02    6.02769189243328E-01
    1.73000000000000E+01   -2.16217001903429E-01   -1.24980925955739E-02    5.87475211311711E-01
    1.74000000000000E+01   -2.13425376631529E-01   -1.22658262431913E-02    5.72403099839752E-01
    1.75000000000000E+01   -2.10639668971534E-01   -1.20365525126591E-02    5.57558179249500E-01
    1.76000000000000E+01   -2.07861026649895E-01   -1.18102856051077E-02    5.42945202462248E-01
    1.77000000000000E+01   -2.05090552417443E-01   -1.15870368597425E-02    5.28568373356842E-01
    1.78000000000000E+01   -2.02329304936681E-01   -1.13668148840832E-02    5.14431369090731E-01
    1.79000000000000E+01   -1.99578299674161E-01   -1.11496256801207E-02    5.00537362233615E-01
    1.80000000000000E+01   -1.96838509796534E-01   -1.09354727664741E-02    4.86889042667670E-01
    1.81000000000000E+01   -1.94110867069056E-01   -1.07243572966329E-02    4.73488639212985E-01
    1.82000000000000E+01   -1.91396262755234E-01   -1.05162781733645E-02    4.60337940939970E-01
    1.83000000000000E+01   -1.88695548516491E-01   -1.03112321593711E-02    4.47438318134806E-01
    1.84000000000000E+01   -1.86009537310773E-01   -1.01092139842811E-02    4.34790742887454E-01
    1.85000000000000E+01   -1.83339004289033E-01   -9.91021644805581E-03    4.22395809274812E-01
    1.86000000000000E+01   -1.80684687688649E-01   -9.71423052089513E-03    4.10253753115222E-01
    1.87000000000000E+01   -1.78047289722874E-01   -9.52124543972591E-03    3.98364471273220E-01
    1.88000000000000E+01   -1.75427477465450E-01   -9.33124880135373E-03    3.86727540496456E-01
    1.89000000000000E+01   -1.72825883729588E-01   -9.14422665235917E-03    3.75342235769166E-01
    1.90000000000000E+01   -1.70243107940586E-01   -8.96016357582032E-03    3.64207548169403E-01
    1.91000000000000E+01   -1.67679717001408E-01   -8.77904277494285E-03    3.53322202219483E-01
    1.92000000000000E+01   -1.65136246150537E-01   -8.60084615367380E-03    3.42684672721037E-01
    1.93000000000000E+01   -1.62613199811531E-01   -8.42555439437986E-03    3.32293201068558E-01
    1.94000000000000E+01   -1.60111052433755E-01   -8.25314703266780E-03    3.22145811037021E-01
    1.95000000000000E+01   -1.57630249323699E-01   -8.08360252942044E-03    3.12240324040764E-01
    1.96000000000000E+01   -1.55171207466523E-01   -7.91689834012871E-03    3.02574373863036E-01
    1.97000000000000E+01   -1.52734316337314E-01   -7.75301098158953E-03    2.93145420856420E-01
    1.98000000000000E+01   -1.50319938701680E-01   -7.59191609604445E-03    2.83950765616246E-01
    1.99000000000000E+01   -1.47928411405352E-01   -7.43358851283176E-03    2.74987562130270E-01
    2.00000000000000E+01   -1.45560046152439E-01   -7.27800230762195E-03    2.66252830408999E-01
 
 
 # exact solution (rho, Rexact)
    0.00000000000000E+00    0.00000000000000E+00
    1.00000000000000E+00    7.22278228655755E-02
    2.00000000000000E+00    8.28055945244197E-02
    3.00000000000000E+00    6.67494013133523E-02
    4.00000000000000E+00    4.25138097805085E-02
    5.00000000000000E+00    1.90390473996954E-02
    6.00000000000000E+00    0.00000000000000E+00
    7.00000000000000E+00   -1.36849620111072E-02
    8.00000000000000E+00   -2.24130371770769E-02
    9.00000000000000E+00   -2.71006473978506E-02
    1.00000000000000E+01   -2.87680924405630E-02
    1.10000000000000E+01   -2.83432035963237E-02
    1.20000000000000E+01   -2.65860560536148E-02
    1.30000000000000E+01   -2.40767567281212E-02
    1.40000000000000E+01   -2.12329231418670E-02
    1.50000000000000E+01   -1.83383689574184E-02
    1.60000000000000E+01   -1.55733517544826E-02
    1.70000000000000E+01   -1.30418406542409E-02
    1.80000000000000E+01   -1.07940942784813E-02
    1.90000000000000E+01   -8.84432273330952E-03
    2.00000000000000E+01   -7.18390916836450E-03
