 # numeric solution (rho, u, R, P)
    0.00000000000000E+00    0.00000000000000E+00    1.99997375342277E+00    0.00000000000000E+00
    1.00000000000000E-01    1.80965108718675E-01    1.80965108718675E+00    4.11528161643751E-01
    2.00000000000000E-01    3.27488003455206E-01    1.63744001727603E+00    1.34772304678155E+00
    3.00000000000000E-01    4.44485099226238E-01    1.48161699742079E+00    2.48270018632200E+00
    4.00000000000000E-01    5.36248999385773E-01    1.34062249846443E+00    3.61362309904763E+00
    5.00000000000000E-01    6.06522700035728E-01    1.21304540007146E+00    4.62278806441122E+00
    6.00000000000000E-01    6.58565320656639E-01    1.09760886776107E+00    5.45013900474534E+00
    7.00000000000000E-01    6.95210301742814E-01    9.93157573918306E-01    6.07354511597255E+00
    8.00000000000000E-01    7.18916907909687E-01    8.98646134887108E-01    6.49482209522079E+00
    9.00000000000000E-01    7.31815783577317E-01    8.13128648419241E-01    6.72997433430208E+00
    1.00000000000000E+00    7.35749226766746E-01    7.35749226766746E-01    6.80251475915900E+00
    1.10000000000000E+00    7.32306773736533E-01    6.65733430669576E-01    6.73900791822430E+00
    1.20000000000000E+00    7.22856622208744E-01    6.02380518507287E-01    6.56620128938544E+00
    1.30000000000000E+00    7.08573362953671E-01    5.45056433041286E-01    6.30927574015189E+00
    1.40000000000000E+00    6.90462437779756E-01    4.93187455556968E-01    5.99087114384498E+00
    1.50000000000000E+00    6.69381695840825E-01    4.46254463893883E-01    5.63063698835950E+00
    1.60000000000000E+00    6.46060379034814E-01    4.03787736896759E-01    5.24512786407904E+00
    1.70000000000000E+00    6.21115830590030E-01    3.65362253288253E-01    4.84791571678415E+00
    1.80000000000000E+00    5.95068188243657E-01    3.30593437913143E-01    4.44982910087976E+00
    1.90000000000000E+00    5.68353294283817E-01    2.99133312780956E-01    4.05925773774747E+00
    2.00000000000000E+00    5.41334028770521E-01    2.70667014385261E-01    3.68248104660780E+00
    2.10000000000000E+00    5.14310249132128E-01    2.44909642443871E-01    3.32399392973452E+00
    2.20000000000000E+00    4.87527498746248E-01    2.21603408521022E-01    2.98681344627211E+00
    2.30000000000000E+00    4.61184628786492E-01    2.00515055994127E-01    2.67275722257810E+00
    2.40000000000000E+00    4.35440461303353E-01    1.81433525543064E-01    2.38268936743734E+00
    2.50000000000000E+00    4.10419606993874E-01    1.64167842797550E-01    2.11673292117289E+00
    2.60000000000000E+00    3.86217538203821E-01    1.48545207001470E-01    1.87444994064801E+00
    2.70000000000000E+00    3.62905006225043E-01    1.34409261564831E-01    1.65499155709107E+00
    2.80000000000000E+00    3.40531881744435E-01    1.21618529194441E-01    1.45722099774746E+00
    2.90000000000000E+00    3.19130488230727E-01    1.10044995941630E-01    1.27981282315030E+00
    3.00000000000000E+00    2.98718489986809E-01    9.95728299956031E-02    1.12133163477652E+00
    3.10000000000000E+00    2.79301389439246E-01    9.00972223997568E-02    9.80293349703266E-01
    3.20000000000000E+00    2.60874681882912E-01    8.15233380884099E-02    8.55211887553066E-01
    3.30000000000000E+00    2.43425710260452E-01    7.37653667455915E-02    7.44633817393800E-01
    3.40000000000000E+00    2.26935257554292E-01    6.67456639865565E-02    6.47163199844786E-01
    3.50000000000000E+00    2.11378909933424E-01    6.03939742666926E-02    5.61478552869627E-01
    3.60000000000000E+00    1.96728219865461E-01    5.46467277404059E-02    4.86343581161496E-01
    3.70000000000000E+00    1.82951694921156E-01    4.94464040327449E-02    4.20613045680869E-01
    3.80000000000000E+00    1.70015634913383E-01    4.47409565561535E-02    3.63234915026309E-01
    3.90000000000000E+00    1.57884837281851E-01    4.04832916107310E-02    3.13249734620224E-01
    4.00000000000000E+00    1.46523188218611E-01    3.66307970546529E-02    2.69787972257330E-01
    4.10000000000000E+00    1.35894154892887E-01    3.31449158275334E-02    2.32065947501097E-01
    4.20000000000000E+00    1.25961192245309E-01    2.99907600584068E-02    1.99380825296749E-01
    4.30000000000000E+00    1.16688076153605E-01    2.71367618961872E-02    1.71105048349867E-01
    4.40000000000000E+00    1.08039173299225E-01    2.45543575680057E-02    1.46680495627967E-01
    4.50000000000000E+00    9.99796567651608E-02    2.22177015033691E-02    1.25612583218452E-01
    4.60000000000000E+00    9.24756752498239E-02    2.01034076630052E-02    1.07464466346774E-01
    4.70000000000000E+00    8.54944827725505E-02    1.81903154835214E-02    9.18514554753800E-02
    4.80000000000000E+00    7.90045348577886E-02    1.64592780953726E-02    7.84357231618196E-02
    4.90000000000000E+00    7.29755564033256E-02    1.48929706945563E-02    6.69213500871297E-02
    5.00000000000000E+00    6.73785857507559E-02    1.34757171501512E-02    5.70497369365481E-02
    5.10000000000000E+00    6.21859988728815E-02    1.21933331123297E-02    4.85953923980253E-02
    5.20000000000000E+00    5.73715170632094E-02    1.10329840506172E-02    4.13620954045221E-02
    5.30000000000000E+00    5.29102010484638E-02    9.98305680159694E-03    3.51794210170707E-02
    5.40000000000000E+00    4.87784340385285E-02    9.03304334046824E-03    2.98996133079858E-02
    5.50000000000000E+00    4.49538958726079E-02    8.17343561320143E-03    2.53947846653866E-02
    5.60000000000000E+00    4.14155301097330E-02    7.39563037673804E-03    2.15544186180862E-02
    5.70000000000000E+00    3.81435056405993E-02    6.69184309484199E-03    1.82831521822651E-02
    5.80000000000000E+00    3.51191741615007E-02    6.05503002784495E-03    1.54988135439021E-02
    5.90000000000000E+00    3.23250246455407E-02    5.47881773653232E-03    1.31306913632144E-02
    6.00000000000000E+00    2.97446357677252E-02    4.95743929462087E-03    1.11180129220843E-02
    6.10000000000000E+00    2.73626270856775E-02    4.48567657142254E-03    9.40860957862362E-03
    6.20000000000000E+00    2.51646096436397E-02    4.05880800703866E-03    7.95774942599329E-03
    6.30000000000000E+00    2.31371365516289E-02    3.67256135740141E-03    6.72711858530999E-03
    6.40000000000000E+00    2.12676539918034E-02    3.32307093621928E-03    5.68393412768722E-03
    6.50000000000000E+00    1.95444530182802E-02    3.00683892588926E-03    4.80017316915133E-03
    6.60000000000000E+00    1.79566224430730E-02    2.72070037016258E-03    4.05190417965086E-03
    6.70000000000000E+00    1.64940030379345E-02    2.46179149819918E-03    3.41870797011076E-03
    6.80000000000000E+00    1.51471432283053E-02    2.22752106298608E-03    2.88317715455838E-03
    6.90000000000000E+00    1.39072564101393E-02    2.01554440726656E-03    2.43048411943680E-03
    7.00000000000000E+00    1.27661799819569E-02    1.82373999742242E-03    2.04800866583976E-03
    7.10000000000000E+00    1.17163361522109E-02    1.65018819045223E-03    1.72501752273371E-03
    7.20000000000000E+00    1.07506945550808E-02    1.49315202153900E-03    1.45238886296997E-03
    7.30000000000000E+00    9.86273668543455E-03    1.35105981992254E-03    1.22237579350647E-03
    7.40000000000000E+00    9.04642214526743E-03    1.22248947909019E-03    1.02840354236604E-03
    7.50000000000000E+00    8.29615667892710E-03    1.10615422385695E-03    8.64895733732464E-04
    7.60000000000000E+00    7.60676196233901E-03    1.00088973188671E-03    7.27125735809260E-04
    7.70000000000000E+00    6.97344710187683E-03    9.05642480763224E-04    6.11089590281795E-04
    7.80000000000000E+00    6.39178179107110E-03    8.19459203983475E-04    5.13397493926138E-04
    7.90000000000000E+00    5.85767106773513E-03    7.41477350346219E-04    4.31181208339467E-04
    8.00000000000000E+00    5.36733160999668E-03    6.70916451249584E-04    3.62015128804837E-04
    8.10000000000000E+00    4.91726950694239E-03    6.07070309499061E-04    3.03849053433977E-04
    8.20000000000000E+00    4.50425943787763E-03    5.49299931448491E-04    2.54950964004873E-04
    8.30000000000000E+00    4.12532519341709E-03    4.97027131736999E-04    2.13858364947112E-04
    8.40000000000000E+00    3.77772147157044E-03    4.49728746615529E-04    1.79336930911712E-04
    8.50000000000000E+00    3.45891688255958E-03    4.06931397948186E-04    1.50345390071205E-04
    8.60000000000000E+00    3.16657809716873E-03    3.68206755484736E-04    1.26005723110706E-04
    8.70000000000000E+00    2.89855507489157E-03    3.33167249987537E-04    1.05577889809286E-04
    8.80000000000000E+00    2.65286730991303E-03    3.01462194308299E-04    8.84384088522048E-05
    8.90000000000000E+00    2.42769103498007E-03    2.72774273593266E-04    7.40622144286103E-05
    9.00000000000000E+00    2.22134732540542E-03    2.46816369489491E-04    6.20072973446603E-05
    9.10000000000000E+00    2.03229104776733E-03    2.23328686567838E-04    5.19017106550119E-05
    9.20000000000000E+00    1.85910060026797E-03    2.02076152203040E-04    4.34325817944730E-05
    9.30000000000000E+00    1.70046839415684E-03    1.82846063887832E-04    3.63368262820055E-05
    9.40000000000000E+00    1.55519202808690E-03    1.65445960434777E-04    3.03933034970651E-05
    9.50000000000000E+00    1.42216610971999E-03    1.49701695759999E-04    2.54161938591915E-05
    9.60000000000000E+00    1.30037468131839E-03    1.35455695970666E-04    2.12494099016146E-05
    9.70000000000000E+00    1.18888420843101E-03    1.22565382312475E-04    1.77618820200954E-05
    9.80000000000000E+00    1.08683709309714E-03    1.10901744193586E-04    1.48435837930564E-05
    9.90000000000000E+00    9.93445675232065E-04    1.00348048003239E-04    1.24021823069289E-05
    1.00000000000000E+01    9.07986688025496E-04    9.07986688025496E-05    1.03602163981232E-05
    1.01000000000000E+01    8.29796135265546E-04    8.21580331946085E-05    8.65272058441897E-06
    1.02000000000000E+01    7.58264560496829E-04    7.43396627938068E-05    7.22522508614095E-06
    1.03000000000000E+01    6.92832679827167E-04    6.72653087210842E-05    6.03207305926192E-06
    1.04000000000000E+01    6.32987352013604E-04    6.08641684628466E-05    5.03500525997296E-06
    1.05000000000000E+01    5.78257861183878E-04    5.50721772556074E-05    4.20197007425503E-06
    1.06000000000000E+01    5.28212489185599E-04    4.98313669043018E-05    3.50612338280375E-06
    1.07000000000000E+01    4.82455356103106E-04    4.50892856171127E-05    2.92498826754226E-06
    1.08000000000000E+01    4.40623508943133E-04    4.07984730502901E-05    2.43974925141042E-06
    1.09000000000000E+01    4.02384239869106E-04    3.69159853090923E-05    2.03465972654774E-06
    1.10000000000000E+01    3.67432616659278E-04    3.34029651508434E-05    1.69654457677926E-06
    1.11000000000000E+01    3.35489209283315E-04    3.02242530885869E-05    1.41438283171081E-06
    1.12000000000000E+01    3.06297997634956E-04    2.73480355031210E-05    1.17895758099091E-06
    1.13000000000000E+01    2.79624446530095E-04    2.47455262416013E-05    9.82562395842340E-07
    1.14000000000000E+01    2.55253735082906E-04    2.23906785160444E-05    8.18755208076124E-07
    1.15000000000000E+01    2.32989128510652E-04    2.02599242183176E-05    6.82152033101605E-07
    1.16000000000000E+01    2.12650481293980E-04    1.83319380425845E-05    5.68254134192382E-07
    1.17000000000000E+01    1.94072861437352E-04    1.65874240544745E-05    4.73303245438434E-07
    1.18000000000000E+01    1.77105286336398E-04    1.50089225708812E-05    3.94160330039978E-07
    1.19000000000000E+01    1.61609561469217E-04    1.35806354175813E-05    3.28204073978306E-07
    1.20000000000000E+01    1.47459213789494E-04    1.22882678157912E-05    2.73245923865031E-07
    1.21000000000000E+01    1.34538512314055E-04    1.11188853152112E-05    2.27458989887961E-07
    1.22000000000000E+01    1.22741568968663E-04    1.00607843416937E-05    1.89318565420747E-07
    1.23000000000000E+01    1.11971513286368E-04    9.10337506393235E-06    1.57552376873398E-07
    1.24000000000000E+01    1.02139735045122E-04    8.23707540686467E-06    1.31098981563695E-07
    1.25000000000000E+01    9.31651893879522E-05    7.45321515103618E-06    1.09072986927982E-07
    1.26000000000000E+01    8.49737593923367E-05    6.74394915812196E-06    9.07359789773871E-08
    1.27000000000000E+01    7.74976714475269E-05    6.10217885413598E-06    7.54722280453590E-08
    1.28000000000000E+01    7.06749591616978E-05    5.52148118450764E-06    6.27683910467499E-08
    1.29000000000000E+01    6.44489718567638E-05    4.99604432998169E-06    5.21965562954036E-08
    1.30000000000000E+01    5.87679240195653E-05    4.52060953996656E-06    4.34000832958768E-08
    1.31000000000000E+01    5.35844823654374E-05    4.09041850117843E-06    3.60817791089781E-08
    1.32000000000000E+01    4.88553874357437E-05    3.70116571482907E-06    2.99940276453553E-08
    1.33000000000000E+01    4.45411068962371E-05    3.34895540573212E-06    2.49305508833178E-08
    1.34000000000000E+01    4.06055179296012E-05    3.03026253205979E-06    2.07195334847897E-08
    1.35000000000000E+01    3.70156163245463E-05    2.74189750552195E-06    1.72178862342327E-08
    1.36000000000000E+01    3.37412500567130E-05    2.48097426887595E-06    1.43064605254803E-08
    1.37000000000000E+01    3.07548753344687E-05    2.24488141127509E-06    1.18860569262065E-08
    1.38000000000000E+01    2.80313332466942E-05    2.03125603236914E-06    9.87409662964136E-09
    1.39000000000000E+01    2.55476453007532E-05    1.83796009357937E-06    8.20184617245900E-09
    1.40000000000000E+01    2.32828262780901E-05    1.66305901986358E-06    6.81210384000105E-09
    1.41000000000000E+01    2.12177129631275E-05    1.50480233781046E-06    5.65727126836052E-09
    1.42000000000000E+01    1.93348074192107E-05    1.36160615628245E-06    4.69774636810515E-09
    1.43000000000000E+01    1.76181335940232E-05    1.23203731426736E-06    3.90058423956868E-09
    1.44000000000000E+01    1.60531061369005E-05    1.11479903728475E-06    3.23838156247268E-09
    1.45000000000000E+01    1.46264104024744E-05    1.00871795879134E-06    2.68834730616050E-09
    1.46000000000000E+01    1.33258926996921E-05    9.12732376691241E-07    2.23152875799999E-09
    1.47000000000000E+01    1.21404599230392E-05    8.25881627417633E-07    1.85216700505266E-09
    1.48000000000000E+01    1.10599877743211E-05    7.47296471237911E-07    1.53716029413554E-09
    1.49000000000000E+01    1.00752368490682E-05    6.76190392554912E-07    1.27561727701049E-09
    1.50000000000000E+01    9.17777592201217E-06    6.11851728134144E-07    1.05848513704072E-09
    1.51000000000000E+01    8.35991182154839E-06    5.53636544473404E-07    8.78240088637542E-10
    1.52000000000000E+01    7.61462533403492E-06    5.00962193028613E-07    7.28629822628224E-10
    1.53000000000000E+01    6.93551262554462E-06    4.53301478793766E-07    6.04459207419217E-10
    1.54000000000000E+01    6.31673171162532E-06    4.10177383871774E-07    5.01412004446688E-10
    1.55000000000000E+01    5.75295354502269E-06    3.71158293227271E-07    4.15902564484968E-10
    1.56000000000000E+01    5.23931732747899E-06    3.35853674838397E-07    3.44952478694575E-10
    1.57000000000000E+01    4.77138968489548E-06    3.03910171012451E-07    2.86087998058369E-10
    1.58000000000000E+01    4.34512737557295E-06    2.75008061745123E-07    2.37254734828464E-10
    1.59000000000000E+01    3.95684322915268E-06    2.48858064726584E-07    1.96746742965456E-10
    1.60000000000000E+01    3.60317503947000E-06    2.25198439966875E-07    1.63147560645520E-10
    1.61000000000000E+01    3.28105715799419E-06    2.03792370061751E-07    1.35281202894327E-10
    1.62000000000000E+01    2.98769455603374E-06    1.84425589878626E-07    1.12171429761998E-10
    1.63000000000000E+01    2.72053914359867E-06    1.66904241938568E-07    9.30078964318320E-11
    1.64000000000000E+01    2.47726815087418E-06    1.51052936028913E-07    7.71180256436291E-11
    1.65000000000000E+01    2.25576439481365E-06    1.36712993625070E-07    6.39436376408482E-11
    1.66000000000000E+01    2.05409826852198E-06    1.23740859549517E-07    5.30215350497634E-11
    1.67000000000000E+01    1.87051130499280E-06    1.12006664969629E-07    4.39673751142706E-11
    1.68000000000000E+01    1.70340117948760E-06    1.01392927350452E-07    3.64622740822368E-11
    1.69000000000000E+01    1.55130802650072E-06    9.17933743491549E-08    3.02416820531426E-11
    1.70000000000000E+01    1.41290195792610E-06    8.31118798780058E-08    2.50861444065705E-11
    1.71000000000000E+01    1.28697167881840E-06    7.52615016852867E-08    2.08136306658640E-11
    1.72000000000000E+01    1.17241410609116E-06    6.81636108192536E-08    1.72731655009657E-11
    1.73000000000000E+01    1.06822490369261E-06    6.17471042596881E-08    1.43395413639174E-11
    1.74000000000000E+01    9.73489855305294E-07    5.59476928336376E-08    1.19089294994141E-11
    1.75000000000000E+01    8.87377002490245E-07    5.07072572851569E-08    9.89523704700658E-12
    1.76000000000000E+01    8.09129482491575E-07    4.59732660506577E-08    8.22708370495371E-12
    1.77000000000000E+01    7.38059005683891E-07    4.16982489086944E-08    6.84529283588218E-12
    1.78000000000000E+01    6.73539917927000E-07    3.78393212318539E-08    5.70080969183810E-12
    1.79000000000000E+01    6.15003797932865E-07    3.43577540744617E-08    4.75297422906256E-12
    1.80000000000000E+01    5.61934544186183E-07    3.12185857881213E-08    3.96808827693663E-12
    1.81000000000000E+01    5.13863910027213E-07    2.83902712722217E-08    3.31822704213455E-12
    1.82000000000000E+01    4.70367449237473E-07    2.58443653427183E-08    2.78025341851205E-12
    1.83000000000000E+01    4.31060837893269E-07    2.35552370433480E-08    2.33500062713049E-12
    1.84000000000000E+01    3.95596541398424E-07    2.14998120325231E-08    1.96659457163118E-12
    1.85000000000000E+01    3.63660798499599E-07    1.96573404594378E-08    1.66189216365094E-12
    1.86000000000000E+01    3.34970896749371E-07    1.80091879972780E-08    1.41001591894373E-12
    1.87000000000000E+01    3.09272716335366E-07    1.65386479323725E-08    1.20196848695084E-12
    1.88000000000000E+01    2.86338521457816E-07    1.52307724179689E-08    1.03031357088680E-12
    1.89000000000000E+01    2.65964980531317E-07    1.40722211921332E-08    8.88912018625529E-13
    1.90000000000000E+01    2.47971398427214E-07    1.30511262330113E-08    7.72703797235432E-13
    1.91000000000000E+01    2.32198145775566E-07    1.21569709830139E-08    6.77528172913611E-13
    1.92000000000000E+01    2.18505272026244E-07    1.13804829180335E-08    5.99975759165650E-13
    1.93000000000000E+01    2.06771290540487E-07    1.07135383699734E-08    5.37267215974463E-13
    1.94000000000000E+01    1.96892125460388E-07    1.01490786319788E-08    4.87154320377288E-13
    1.95000000000000E+01    1.88780211496968E-07    9.68103648702401E-09    4.47839917007954E-13
    1.96000000000000E+01    1.82363739099154E-07    9.30427240301806E-09    4.17913923276918E-13
    1.97000000000000E+01    1.77586038727298E-07    9.01451973235015E-09    3.96303131252973E-13
    1.98000000000000E+01    1.74405099166743E-07    8.80833834175472E-09    3.82233036868970E-13
    1.99000000000000E+01    1.72793215989516E-07    8.68307618037768E-09    3.75200353969023E-13
    2.00000000000000E+01    1.72736767415839E-07    8.63683837079195E-09    3.74955250997706E-13
 
 
 # exact solution (rho, Rexact)
    0.00000000000000E+00    2.00000000000000E+00
    1.00000000000000E+00    7.35758882342885E-01
    2.00000000000000E+00    2.70670566473225E-01
    3.00000000000000E+00    9.95741367357279E-02
    4.00000000000000E+00    3.66312777774684E-02
    5.00000000000000E+00    1.34758939981709E-02
    6.00000000000000E+00    4.95750435333272E-03
    7.00000000000000E+00    1.82376393110903E-03
    8.00000000000000E+00    6.70925255805024E-04
    9.00000000000000E+00    2.46819608173359E-04
    1.00000000000000E+01    9.07998595249697E-05
    1.10000000000000E+01    3.34034015804913E-05
    1.20000000000000E+01    1.22884247066564E-05
    1.30000000000000E+01    4.52065881396211E-06
    1.40000000000000E+01    1.66305743820714E-06
    1.50000000000000E+01    6.11804641003652E-07
    1.60000000000000E+01    2.25070349438518E-07
    1.70000000000000E+01    8.27987543757033E-08
    1.80000000000000E+01    3.04599594894253E-08
    1.90000000000000E+01    1.12055928750745E-08
    2.00000000000000E+01    4.12230724487712E-09
