 # numeric solution (rho, u, R, P)
    0.00000000000000E+00    0.00000000000000E+00    3.92716029161063E-01    0.00000000000000E+00
    1.00000000000000E-01    3.54799879134794E-02    3.54799879134794E-01    1.58189185693567E-02
    2.00000000000000E-01    6.38984004145334E-02    3.19492002072667E-01    5.13085612826808E-02
    3.00000000000000E-01    8.59932861990804E-02    2.86644287330268E-01    9.29263663152102E-02
    4.00000000000000E-01    1.02446446881884E-01    2.56116117204710E-01    1.31887508799055E-01
    5.00000000000000E-01    1.13887007823972E-01    2.27774015647944E-01    1.62988975386187E-01
    6.00000000000000E-01    1.20894787553116E-01    2.01491312588526E-01    1.83664413728878E-01
    7.00000000000000E-01    1.24003476236832E-01    1.77147823195475E-01    1.93231348270975E-01
    8.00000000000000E-01    1.23703633156245E-01    1.54629541445307E-01    1.92298002924349E-01
    9.00000000000000E-01    1.20445512641907E-01    1.33828347379897E-01    1.82301865512219E-01
    1.00000000000000E+00    1.14641727468122E-01    1.14641727468122E-01    1.65156361738468E-01
    1.10000000000000E+00    1.06669758259656E-01    9.69725075087784E-02    1.42985660465521E-01
    1.20000000000000E+00    9.68743170425920E-02    8.07285975354933E-02    1.17930780158678E-01
    1.30000000000000E+00    8.55695726690292E-02    6.58227482069455E-02    9.20128727956943E-02
    1.40000000000000E+00    7.30412454619749E-02    5.21723181871249E-02    6.70418830228357E-02
    1.50000000000000E+00    5.95485780616924E-02    3.96990520411283E-02    4.45607667632668E-02
    1.60000000000000E+00    4.53261891067476E-02    2.83288681917173E-02    2.58171487360516E-02
    1.70000000000000E+00    3.05858160516088E-02    1.79916565009464E-02    1.17557409825807E-02
    1.80000000000000E+00    1.55179531068579E-02    8.62108505936547E-03    3.02606835764565E-03
    1.90000000000000E+00    2.93389987377295E-04    1.54415782830155E-04    1.08168408748132E-06
    2.00000000000000E+00   -1.49353431325855E-02   -7.46767156629274E-03    2.80311085731434E-03
    2.10000000000000E+00   -3.00326193312932E-02   -1.43012473006158E-02    1.13343413201760E-02
    2.20000000000000E+00   -4.48784424518855E-02   -2.03992920235843E-02    2.53096078297019E-02
    2.30000000000000E+00   -5.93672537960607E-02   -2.58118494765481E-02    4.42898065849060E-02
    2.40000000000000E+00   -7.34068136152789E-02   -3.05861723396996E-02    6.77146456209905E-02
    2.50000000000000E+00   -8.69171532398018E-02   -3.47668612959207E-02    9.49337969722901E-02
    2.60000000000000E+00   -9.98295938990994E-02   -3.83959976534998E-02    1.25235793805095E-01
    2.70000000000000E+00   -1.12085828490195E-01   -4.15132698111833E-02    1.57874241343286E-01
    2.80000000000000E+00   -1.23637062743557E-01   -4.41560938369848E-02    1.92091090441699E-01
    2.90000000000000E+00   -1.34443212420008E-01   -4.63597284206923E-02    2.27136864424939E-01
    3.00000000000000E+00   -1.44472153346847E-01   -4.81573844489492E-02    2.62287839600728E-01
    3.10000000000000E+00   -1.53699021267746E-01   -4.95803294412085E-02    2.96860263083668E-01
    3.20000000000000E+00   -1.62105558639072E-01   -5.06579870747100E-02    3.30221752855175E-01
    3.30000000000000E+00   -1.69679505655766E-01   -5.14180320168988E-02    3.61800068288942E-01
    3.40000000000000E+00   -1.76414032932928E-01   -5.18864802743906E-02    3.91089468049893E-01
    3.50000000000000E+00   -1.82307213405140E-01   -5.20877752586116E-02    4.17654889177487E-01
    3.60000000000000E+00   -1.87361531134998E-01   -5.20448697597216E-02    4.41134188700399E-01
    3.70000000000000E+00   -1.91583424845002E-01   -5.17793040121628E-02    4.61238689321108E-01
    3.80000000000000E+00   -1.94982864103925E-01   -5.13112800273486E-02    4.77752265252835E-01
    3.90000000000000E+00   -1.97572956209533E-01   -5.06597323614187E-02    4.90529194595424E-01
    4.00000000000000E+00   -1.99369581915164E-01   -4.98423954787910E-02    4.99490991870443E-01
    4.10000000000000E+00   -2.00391058247659E-01   -4.88758678652827E-02    5.04622419454864E-01
    4.20000000000000E+00   -2.00657826759365E-01   -4.77756730379441E-02    5.05966860439181E-01
    4.30000000000000E+00   -2.00192165647255E-01   -4.65563175923849E-02    5.03621218517829E-01
    4.40000000000000E+00   -1.99017924257959E-01   -4.52313464222635E-02    4.97730493398213E-01
    4.50000000000000E+00   -1.97160278579016E-01   -4.38133952397813E-02    4.88482163282991E-01
    4.60000000000000E+00   -1.94645506393902E-01   -4.23142405204135E-02    4.76100489539465E-01
    4.70000000000000E+00   -1.91500780851808E-01   -4.07448469897464E-02    4.60840842947336E-01
    4.80000000000000E+00   -1.87753981272793E-01   -3.91154127651652E-02    4.42984136074619E-01
    4.90000000000000E+00   -1.83433520074918E-01   -3.74354122601874E-02    4.22831432482085E-01
    5.00000000000000E+00   -1.78568184772780E-01   -3.57136369545560E-02    4.00698790670101E-01
    5.10000000000000E+00   -1.73186994056165E-01   -3.39582341286598E-02    3.76912388990543E-01
    5.20000000000000E+00   -1.67319067014008E-01   -3.21767436565399E-02    3.51803967160146E-01
    5.30000000000000E+00   -1.60993504622260E-01   -3.03761329475963E-02    3.25706610514665E-01
    5.40000000000000E+00   -1.54239282664921E-01   -2.85628301231335E-02    2.98950894704582E-01
    5.50000000000000E+00   -1.47085155305516E-01   -2.67427555100937E-02    2.71861401109688E-01
    5.60000000000000E+00   -1.39559568571815E-01   -2.49213515306812E-02    2.44753606788137E-01
    5.70000000000000E+00   -1.31690583059665E-01   -2.31036110630990E-02    2.17931147216470E-01
    5.80000000000000E+00   -1.23505805202678E-01   -2.12941043452893E-02    1.91683445357452E-01
    5.90000000000000E+00   -1.15032326493139E-01   -1.94970044903626E-02    1.66283696646278E-01
    6.00000000000000E+00   -1.06296670076139E-01   -1.77161116793565E-02    1.41987196247516E-01
    6.10000000000000E+00   -9.73247441735927E-02   -1.59548760940316E-02    1.19029992338800E-01
    6.20000000000000E+00   -8.81418018275768E-02   -1.42164196496092E-02    9.76278471593063E-02
    6.30000000000000E+00   -7.87724064834594E-02   -1.25035565846761E-02    7.79754860596766E-02
    6.40000000000000E+00   -6.92404029626657E-02   -1.08188129629165E-02    6.02461137467048E-02
    6.50000000000000E+00   -5.95688934026489E-02   -9.16444513886906E-03    4.45911762748994E-02
    6.60000000000000E+00   -4.97802177679138E-02   -7.54245723756270E-03    3.11403470464640E-02
    6.70000000000000E+00   -3.98959385607130E-02   -5.95461769562880E-03    2.00017150924574E-02
    6.80000000000000E+00   -2.99368293835241E-02   -4.40247490934178E-03    1.12621541766474E-02
    6.90000000000000E+00   -1.99228670275092E-02   -2.88737203297235E-03    4.98785174855214E-03
    7.00000000000000E+00   -9.87322678211798E-03   -1.41046096887400E-03    1.22497743641989E-03
    7.10000000000000E+00    1.93719319276954E-04    2.72844111657682E-05    4.71580384901503E-07
    7.20000000000000E+00    1.02604015841718E-02    1.42505577557942E-03    1.32293523057830E-03
    7.30000000000000E+00    2.03100493250293E-02    2.78219853767525E-03    5.18360404737099E-03
    7.40000000000000E+00    3.03266853349587E-02    4.09820072094037E-03    1.15573896171678E-02
    7.50000000000000E+00    4.02951183916042E-02    5.37268245221389E-03    2.04039728160486E-02
    7.60000000000000E+00    5.02009339911341E-02    6.60538605146501E-03    3.16689349965975E-02
    7.70000000000000E+00    6.00304835002841E-02    7.79616668834858E-03    4.52849139243780E-02
    7.80000000000000E+00    6.97708719013589E-02    8.94498357709729E-03    6.11727725360699E-02
    7.90000000000000E+00    7.94099442927198E-02    1.00518916826228E-02    7.92427697194657E-02
    8.00000000000000E+00    8.89362712956933E-02    1.11170339119617E-02    9.93957234166979E-02
    8.10000000000000E+00    9.83391335079365E-02    1.21406337664119E-02    1.21524157418196E-01
    8.20000000000000E+00    1.07608505132954E-01    1.31229884308481E-02    1.45513424239209E-01
    8.30000000000000E+00    1.16735036905878E-01    1.40644622778167E-02    1.71242797448629E-01
    8.40000000000000E+00    1.25710038426470E-01    1.49654807650559E-02    1.98586527746862E-01
    8.50000000000000E+00    1.34525460001837E-01    1.58265247060985E-02    2.27414857963371E-01
    8.60000000000000E+00    1.43173874093301E-01    1.66481248945699E-02    2.57594992962909E-01
    8.70000000000000E+00    1.51648456454344E-01    1.74308570637177E-02    2.88992021211763E-01
    8.80000000000000E+00    1.59942967039563E-01    1.81753371635867E-02    3.21469785461177E-01
    8.90000000000000E+00    1.68051730757865E-01    1.88822169390859E-02    3.54891700654341E-01
    9.00000000000000E+00    1.75969618137014E-01    1.95521797930016E-02    3.89121517757791E-01
    9.10000000000000E+00    1.83692025960821E-01    2.01859369187716E-02    4.24024032757917E-01
    9.20000000000000E+00    1.91214857934809E-01    2.07842236885662E-02    4.59465740550927E-01
    9.30000000000000E+00    1.98534505431169E-01    2.13477962829214E-02    4.95315433891869E-01
    9.40000000000000E+00    2.05647828359026E-01    2.18774285488326E-02    5.31444747956898E-01
    9.50000000000000E+00    2.12552136201632E-01    2.23739090738560E-02    5.67728651416016E-01
    9.60000000000000E+00    2.19245169257942E-01    2.28380384643689E-02    6.04045885212488E-01
    9.70000000000000E+00    2.25725080122213E-01    2.32706268167230E-02    6.40279350503870E-01
    9.80000000000000E+00    2.31990415431627E-01    2.36724913705742E-02    6.76316447439069E-01
    9.90000000000000E+00    2.38040097908598E-01    2.40444543342019E-02    7.12049366630330E-01
    1.00000000000000E+01    2.43873408721370E-01    2.43873408721370E-02    7.47375335330181E-01
    1.01000000000000E+01    2.49489970183502E-01    2.47019772458913E-02    7.82196820443392E-01
    1.02000000000000E+01    2.54889728810287E-01    2.49891890990478E-02    8.16421690597056E-01
    1.03000000000000E+01    2.60072938747546E-01    2.52497998784025E-02    8.49963339558119E-01
    1.04000000000000E+01    2.65040145585989E-01    2.54846293832682E-02    8.82740773331587E-01
    1.05000000000000E+01    2.69792170572207E-01    2.56944924354483E-02    9.14678663295248E-01
    1.06000000000000E+01    2.74330095225318E-01    2.58801976627658E-02    9.45707367730060E-01
    1.07000000000000E+01    2.78655246366578E-01    2.60425463893998E-02    9.75762924093213E-01
    1.08000000000000E+01    2.82769181567469E-01    2.61823316266175E-02    1.00478701435203E+00
    1.09000000000000E+01    2.86673675020325E-01    2.63003371578280E-02    1.03272690565705E+00
    1.10000000000000E+01    2.90370703834099E-01    2.63973367121909E-02    1.05953536858013E+00
    1.11000000000000E+01    2.93862434756569E-01    2.64740932213125E-02    1.08517057508164E+00
    1.12000000000000E+01    2.97151211323138E-01    2.65313581538516E-02    1.10959597830179E+00
    1.13000000000000E+01    3.00239541431208E-01    2.65698709231157E-02    1.13278017619312E+00
    1.14000000000000E+01    3.03130085338237E-01    2.65903583630033E-02    1.15469676093078E+00
    1.15000000000000E+01    3.05825644080589E-01    2.65935342678773E-02    1.17532415594913E+00
    1.16000000000000E+01    3.08329148309562E-01    2.65800989922036E-02    1.19464544236504E+00
    1.17000000000000E+01    3.10643647540134E-01    2.65507391059943E-02    1.21264817645432E+00
    1.18000000000000E+01    3.12772299807453E-01    2.65061271023266E-02    1.22932419975620E+00
    1.19000000000000E+01    3.14718361725398E-01    2.64469211533948E-02    1.24466944328494E+00
    1.20000000000000E+01    3.16485178941025E-01    2.63737649117520E-02    1.25868372723427E+00
    1.21000000000000E+01    3.18076176978315E-01    2.62872873535798E-02    1.27137055746643E+00
    1.22000000000000E+01    3.19494852464192E-01    2.61881026609994E-02    1.28273691998592E+00
    1.23000000000000E+01    3.20744764729356E-01    2.60768101405980E-02    1.29279307450588E+00
    1.24000000000000E+01    3.21829527776315E-01    2.59539941755093E-02    1.30155234812811E+00
    1.25000000000000E+01    3.22752802606592E-01    2.58202242085273E-02    1.30903093006998E+00
    1.26000000000000E+01    3.23518289898943E-01    2.56760547538844E-02    1.31524766828893E+00
    1.27000000000000E+01    3.24129723030248E-01    2.55220254354526E-02    1.32022386877427E+00
    1.28000000000000E+01    3.24590861430489E-01    2.53586610492570E-02    1.32398309819825E+00
    1.29000000000000E+01    3.24905484263262E-01    2.51864716483149E-02    1.32655099054501E+00
    1.30000000000000E+01    3.25077384423049E-01    2.50059526479269E-02    1.32795505826438E+00
    1.31000000000000E+01    3.25110362840512E-01    2.48175849496574E-02    1.32822450843089E+00
    1.32000000000000E+01    3.25008223086968E-01    2.46218350823461E-02    1.32739006432440E+00
    1.33000000000000E+01    3.24774766269293E-01    2.44191553585935E-02    1.32548379278891E+00
    1.34000000000000E+01    3.24413786206364E-01    2.42099840452510E-02    1.32253893766882E+00
    1.35000000000000E+01    3.23929064878367E-01    2.39947455465457E-02    1.31858975957017E+00
    1.36000000000000E+01    3.23324368140194E-01    2.37738505985437E-02    1.31367138214357E+00
    1.37000000000000E+01    3.22603441690272E-01    2.35476964737425E-02    1.30781964504009E+00
    1.38000000000000E+01    3.21770007286311E-01    2.33166671946602E-02    1.30107096364895E+00
    1.39000000000000E+01    3.20827759199448E-01    2.30811337553560E-02    1.29346219568572E+00
    1.40000000000000E+01    3.19780360898399E-01    2.28414543498856E-02    1.28503051466352E+00
    1.41000000000000E+01    3.18631441955442E-01    2.25979746067690E-02    1.27581329024740E+00
    1.42000000000000E+01    3.17384595166034E-01    2.23510278285940E-02    1.26584797546055E+00
    1.43000000000000E+01    3.16043373874091E-01    2.21009352359504E-02    1.25517200068422E+00
    1.44000000000000E+01    3.14611289495099E-01    2.18480062149375E-02    1.24382267436857E+00
    1.45000000000000E+01    3.13091809229355E-01    2.15925385675417E-02    1.23183709034925E+00
    1.46000000000000E+01    3.11488353957720E-01    2.13348187642274E-02    1.21925204164433E+00
    1.47000000000000E+01    3.09804296312614E-01    2.10751221981370E-02    1.20610394058997E+00
    1.48000000000000E+01    3.08042958916928E-01    2.08137134403330E-02    1.19242874515694E+00
    1.49000000000000E+01    3.06207612783823E-01    2.05508464955586E-02    1.17826189127697E+00
    1.50000000000000E+01    3.04301475870547E-01    2.02867650580365E-02    1.16363823099766E+00
    1.51000000000000E+01    3.02327711779499E-01    2.00217027668542E-02    1.14859197627374E+00
    1.52000000000000E+01    3.00289428600040E-01    1.97558834605289E-02    1.13315664819625E+00
    1.53000000000000E+01    2.98189677884628E-01    1.94895214303679E-02    1.11736503145363E+00
    1.54000000000000E+01    2.96031453753115E-01    1.92228216722802E-02    1.10124913381525E+00
    1.55000000000000E+01    2.93817692119134E-01    1.89559801367183E-02    1.08484015042333E+00
    1.56000000000000E+01    2.91551270032743E-01    1.86891839764579E-02    1.06816843267790E+00
    1.57000000000000E+01    2.89235005133628E-01    1.84226117919508E-02    1.05126346149798E+00
    1.58000000000000E+01    2.86871655209370E-01    1.81564338740108E-02    1.03415382474231E+00
    1.59000000000000E+01    2.84463917853398E-01    1.78908124436099E-02    1.01686719857368E+00
    1.60000000000000E+01    2.82014430217480E-01    1.76259018885925E-02    9.99430332552955E-01
    1.61000000000000E+01    2.79525768853730E-01    1.73618489971261E-02    9.81869038251037E-01
    1.62000000000000E+01    2.77000449641290E-01    1.70987931877340E-02    9.64208181170644E-01
    1.63000000000000E+01    2.74440927793008E-01    1.68368667357673E-02    9.46471675773195E-01
    1.64000000000000E+01    2.71849597937571E-01    1.65761949961933E-02    9.28682483410498E-01
    1.65000000000000E+01    2.69228794272769E-01    1.63168966225921E-02    9.10862612965996E-01
    1.66000000000000E+01    2.66580790785626E-01    1.60590837822666E-02    8.93033124014965E-01
    1.67000000000000E+01    2.63907801535386E-01    1.58028623673884E-02    8.75214132319175E-01
    1.68000000000000E+01    2.61211980995415E-01    1.55483322021080E-02    8.57424817476795E-01
    1.69000000000000E+01    2.58495424450298E-01    1.52955872455798E-02    8.39683432554883E-01
    1.70000000000000E+01    2.55760168444424E-01    1.50447157908485E-02    8.22007315537172E-01
    1.71000000000000E+01    2.53008191278710E-01    1.47958006595737E-02    8.04412902427587E-01
    1.72000000000000E+01    2.50241413551978E-01    1.45489193925569E-02    7.86915741854594E-01
    1.73000000000000E+01    2.47461698743911E-01    1.43041444360642E-02    7.69530511029921E-01
    1.74000000000000E+01    2.44670853836394E-01    1.40615433239307E-02    7.52271032919975E-01
    1.75000000000000E+01    2.41870629970370E-01    1.38211788554497E-02    7.35150294496168E-01
    1.76000000000000E+01    2.39062723135355E-01    1.35831092690543E-02    7.18180465936176E-01
    1.77000000000000E+01    2.36248774888843E-01    1.33473884117990E-02    7.01372920654466E-01
    1.78000000000000E+01    2.33430373103144E-01    1.31140659046710E-02    6.84738256047895E-01
    1.79000000000000E+01    2.30609052737084E-01    1.28831873037477E-02    6.68286314847147E-01
    1.80000000000000E+01    2.27786296630162E-01    1.26547942572312E-02    6.52026206971470E-01
    1.81000000000000E+01    2.24963536317044E-01    1.24289246584002E-02    6.35966331790889E-01
    1.82000000000000E+01    2.22142152860084E-01    1.22056127945101E-02    6.20114400704730E-01
    1.83000000000000E+01    2.19323477697972E-01    1.19848894916925E-02    6.04477459952452E-01
    1.84000000000000E+01    2.16508793508399E-01    1.17667822558912E-02    5.89061913576840E-01
    1.85000000000000E+01    2.13699335083017E-01    1.15513154098928E-02    5.73873546466668E-01
    1.86000000000000E+01    2.10896290212795E-01    1.13385102264944E-02    5.58917547409616E-01
    1.87000000000000E+01    2.08100800582238E-01    1.11283850578737E-02    5.44198532092889E-01
    1.88000000000000E+01    2.05313962670731E-01    1.09209554612091E-02    5.29720565992337E-01
    1.89000000000000E+01    2.02536828659584E-01    1.07162343206129E-02    5.15487187096618E-01
    1.90000000000000E+01    1.99770407343360E-01    1.05142319654400E-02    5.01501428417329E-01
    1.91000000000000E+01    1.97015665044032E-01    1.03149562850279E-02    4.87765840239477E-01
    1.92000000000000E+01    1.94273526526790E-01    1.01184128399370E-02    4.74282512072064E-01
    1.93000000000000E+01    1.91544875916265E-01    9.92460496975468E-03    4.61053094261648E-01
    1.94000000000000E+01    1.88830557611999E-01    9.73353389752575E-03    4.48078819235548E-01
    1.95000000000000E+01    1.86131377202125E-01    9.54519883087818E-03    4.35360522345269E-01
    1.96000000000000E+01    1.83448102374237E-01    9.35959705991005E-03    4.22898662283801E-01
    1.97000000000000E+01    1.80781463822489E-01    9.17672405190300E-03    4.10693341053586E-01
    1.98000000000000E+01    1.78132156150078E-01    8.99657354293324E-03    3.98744323465397E-01
    1.99000000000000E+01    1.75500838766228E-01    8.81913762644362E-03    3.87051056150552E-01
    2.00000000000000E+01    1.72888136776943E-01    8.64440683884713E-03    3.75612686072141E-01
 
 
 # exact solution (rho, Rexact)
    0.00000000000000E+00    3.84900179459751E-01
    1.00000000000000E+00    1.12360123344896E-01
    2.00000000000000E+00   -7.31904967605010E-03
    3.00000000000000E+00   -4.71989543088136E-02
    4.00000000000000E+00   -4.88504301835429E-02
    5.00000000000000E+00   -3.50028627615074E-02
    6.00000000000000E+00   -1.73635249350028E-02
    7.00000000000000E+00   -1.38238991976202E-03
    8.00000000000000E+00    1.08957822702419E-02
    9.00000000000000E+00    1.91630515495657E-02
    1.00000000000000E+01    2.39019830646652E-02
    1.10000000000000E+01    2.58719758892602E-02
    1.20000000000000E+01    2.58488732157105E-02
    1.30000000000000E+01    2.45082832048106E-02
    1.40000000000000E+01    2.23868628361652E-02
    1.50000000000000E+01    1.98830170700602E-02
    1.60000000000000E+01    1.72751105030057E-02
    1.70000000000000E+01    1.47452952714689E-02
    1.80000000000000E+01    1.24029380492567E-02
    1.90000000000000E+01    1.03049773115315E-02
    2.00000000000000E+01    8.47236551740313E-03
