 # numeric solution (rho, u, R, P)
    0.00000000000000E+00    0.00000000000000E+00    7.07108545703797E-01    0.00000000000000E+00
    1.00000000000000E-01    6.38991332239897E-02    6.38991332239897E-01    5.13097381388855E-02
    2.00000000000000E-01    1.15167288737844E-01    5.75836443689218E-01    1.66674111875590E-01
    3.00000000000000E-01    1.55196561198824E-01    5.17321870662745E-01    3.02673258398680E-01
    4.00000000000000E-01    1.85258083882223E-01    4.63145209705557E-01    4.31284847042372E-01
    5.00000000000000E-01    2.06511258416474E-01    4.13022516832949E-01    5.35916749103189E-01
    6.00000000000000E-01    2.20012335755991E-01    3.66687226259986E-01    6.08280546547122E-01
    7.00000000000000E-01    2.26722391484584E-01    3.23889130692263E-01    6.45949686536712E-01
    8.00000000000000E-01    2.27514735796018E-01    2.84393419745023E-01    6.50472476678834E-01
    9.00000000000000E-01    2.23181795921573E-01    2.47979773246193E-01    6.25932353254258E-01
    1.00000000000000E+00    2.14441506357090E-01    2.14441506357090E-01    5.77866558906010E-01
    1.10000000000000E+00    2.01943239974309E-01    1.83584763613008E-01    5.12470066955753E-01
    1.20000000000000E+00    1.86273310974612E-01    1.55227759145510E-01    4.36024740512274E-01
    1.30000000000000E+00    1.67960078648316E-01    1.29200060498705E-01    3.54504704302647E-01
    1.40000000000000E+00    1.47478679032367E-01    1.05341913594548E-01    2.73318067872684E-01
    1.50000000000000E+00    1.25255409805431E-01    8.35036065369537E-02    1.97152754174498E-01
    1.60000000000000E+00    1.01671792115045E-01    6.35448700719033E-02    1.29900499614597E-01
    1.70000000000000E+00    7.70683314902960E-02    4.53343126413506E-02    7.46383065874202E-02
    1.80000000000000E+00    5.17479985487603E-02    2.87488880826446E-02    3.36509228275281E-02
    1.90000000000000E+00    2.59794488525918E-02    1.36733941329431E-02    8.48144266929530E-03
    2.00000000000000E+00   -6.64465074472743E-15   -3.32232537236371E-15    5.54822648441575E-28
    2.10000000000000E+00   -2.59816171503971E-02   -1.23721986430462E-02    8.48285848539482E-03
    2.20000000000000E+00   -5.17827173381409E-02   -2.35375987900641E-02    3.36960921581122E-02
    2.30000000000000E+00   -7.72443151016415E-02   -3.35844848268006E-02    7.49795651910923E-02
    2.40000000000000E+00   -1.02228960556641E-01   -4.25954002319339E-02    1.31328128092850E-01
    2.50000000000000E+00   -1.26618743903125E-01   -5.06474975612498E-02    2.01467902864293E-01
    2.60000000000000E+00   -1.50313456667674E-01   -5.78128679491055E-02    2.83926277330125E-01
    2.70000000000000E+00   -1.73228898490081E-01   -6.41588512926226E-02    3.77094806973858E-01
    2.80000000000000E+00   -1.95295319013467E-01   -6.97483282190954E-02    4.79284662953257E-01
    2.90000000000000E+00   -2.16455985139543E-01   -7.46399948757045E-02    5.88774594021592E-01
    3.00000000000000E+00   -2.36665864567843E-01   -7.88886215226145E-02    7.03851609802712E-01
    3.10000000000000E+00   -2.55890417152586E-01   -8.25452958556728E-02    8.22844761443778E-01
    3.20000000000000E+00   -2.74104486186006E-01   -8.56576519331268E-02    9.44152508086571E-01
    3.30000000000000E+00   -2.91291282254945E-01   -8.82700855318015E-02    1.06626422616026E+00
    3.40000000000000E+00   -3.07441452820435E-01   -9.04239567118928E-02    1.18777645326120E+00
    3.50000000000000E+00   -3.22552231140487E-01   -9.21577803258535E-02    1.30740446752740E+00
    3.60000000000000E+00   -3.36626658595678E-01   -9.35074051654662E-02    1.42398979354179E+00
    3.70000000000000E+00   -3.49672874888268E-01   -9.45061824022345E-02    1.53650420222295E+00
    3.80000000000000E+00   -3.61703470969383E-01   -9.51851239393114E-02    1.64405073910597E+00
    3.90000000000000E+00   -3.72734899907619E-01   -9.55730512583638E-02    1.74586227622128E+00
    4.00000000000000E+00   -3.82786941247454E-01   -9.56967353118636E-02    1.84129804004867E+00
    4.10000000000000E+00   -3.91882214718679E-01   -9.55810279801656E-02    1.92983852376040E+00
    4.20000000000000E+00   -4.00045739450543E-01   -9.52489855834626E-02    2.01107914769731E+00
    4.30000000000000E+00   -4.07304535116749E-01   -9.47219849108717E-02    2.08472298885348E+00
    4.40000000000000E+00   -4.13687261692244E-01   -9.40198322027828E-02    2.15057285889781E+00
    4.50000000000000E+00   -4.19223894740182E-01   -9.31608654978181E-02    2.20852297147504E+00
    4.60000000000000E+00   -4.23945433369119E-01   -9.21620507324171E-02    2.25855040356183E+00
    4.70000000000000E+00   -4.27883638207126E-01   -9.10390719589629E-02    2.30070652269536E+00
    4.80000000000000E+00   -4.31070796932426E-01   -8.98064160275888E-02    2.33510852202264E+00
    4.90000000000000E+00   -4.33539515079549E-01   -8.84774520570509E-02    2.36193117830950E+00
    5.00000000000000E+00   -4.35322530007854E-01   -8.70645060015708E-02    2.38139892422970E+00
    5.10000000000000E+00   -4.36452546074909E-01   -8.55789306029233E-02    2.39377830527428E+00
    5.20000000000000E+00   -4.36962089202983E-01   -8.40311710005736E-02    2.39937087333053E+00
    5.30000000000000E+00   -4.36883379161921E-01   -8.24308262569662E-02    2.39850655317357E+00
    5.40000000000000E+00   -4.36248218017981E-01   -8.07867070403669E-02    2.39153750460617E+00
    5.50000000000000E+00   -4.35087893315389E-01   -7.91068896937071E-02    2.37883249155914E+00
    5.60000000000000E+00   -4.33433094666538E-01   -7.73987669047390E-02    2.36077175992882E+00
    5.70000000000000E+00   -4.31313842528345E-01   -7.56690951804114E-02    2.33774241808063E+00
    5.80000000000000E+00   -4.28759428036598E-01   -7.39240393166548E-02    2.31013430759892E+00
    5.90000000000000E+00   -4.25798362858048E-01   -7.21692140437369E-02    2.27833634683793E+00
    6.00000000000000E+00   -4.22458338101504E-01   -7.04097230169174E-02    2.24273332595691E+00
    6.10000000000000E+00   -4.18766191404743E-01   -6.86501953122530E-02    2.20370312925033E+00
    6.20000000000000E+00   -4.14747881384942E-01   -6.68948195782165E-02    2.16161435858108E+00
    6.30000000000000E+00   -4.10428468705060E-01   -6.51473759849301E-02    2.11682433044278E+00
    6.40000000000000E+00   -4.05832103069555E-01   -6.34112661046179E-02    2.06967741852367E+00
    6.50000000000000E+00   -4.00982015519098E-01   -6.16895408490920E-02    2.02050371350289E+00
    6.60000000000000E+00   -3.95900515445796E-01   -5.99849265826964E-02    1.96961797208834E+00
    6.70000000000000E+00   -3.90608991798975E-01   -5.82998495222351E-02    1.91731882793129E+00
    6.80000000000000E+00   -3.85127917996276E-01   -5.66364585288642E-02    1.86388823794817E+00
    6.90000000000000E+00   -3.79476860096220E-01   -5.49966463907565E-02    1.80959113868477E+00
    7.00000000000000E+00   -3.73674487826774E-01   -5.33820696895391E-02    1.75467528862083E+00
    7.10000000000000E+00   -3.67738588099972E-01   -5.17941673380242E-02    1.69937127368615E+00
    7.20000000000000E+00   -3.61686080675436E-01   -5.02341778715883E-02    1.64389265470473E+00
    7.30000000000000E+00   -3.55533035665778E-01   -4.87031555706545E-02    1.58843623696612E+00
    7.40000000000000E+00   -3.49294692605262E-01   -4.72019854871976E-02    1.53318244362361E+00
    7.50000000000000E+00   -3.42985480828507E-01   -4.57313974438009E-02    1.47829577610088E+00
    7.60000000000000E+00   -3.36619040930129E-01   -4.42919790697538E-02    1.42392534614892E+00
    7.70000000000000E+00   -3.30208247098068E-01   -4.28841879348140E-02    1.37020546560871E+00
    7.80000000000000E+00   -3.23765230133658E-01   -4.15083628376484E-02    1.31725628129534E+00
    7.90000000000000E+00   -3.17301400990074E-01   -4.01647343025410E-02    1.26518444371698E+00
    8.00000000000000E+00   -3.10827474677941E-01   -3.88534343347426E-02    1.21408379956985E+00
    8.10000000000000E+00   -3.04353494402697E-01   -3.75745054818145E-02    1.16403609910687E+00
    8.20000000000000E+00   -2.97888855812711E-01   -3.63279092454526E-02    1.11511171055705E+00
    8.30000000000000E+00   -2.91442331250397E-01   -3.51135338855900E-02    1.06737033477650E+00
    8.40000000000000E+00   -2.85022093910837E-01   -3.39312016560520E-02    1.02086171424046E+00
    8.50000000000000E+00   -2.78635741823548E-01   -3.27806755086527E-02    9.75626331338399E-01
    8.60000000000000E+00   -2.72290321583103E-01   -3.16616653003609E-02    9.31696091713854E-01
    8.70000000000000E+00   -2.65992351763796E-01   -3.05738335360685E-02    8.89094989101071E-01
    8.80000000000000E+00   -2.59747845961943E-01   -2.95168006774935E-02    8.47839748752420E-01
    8.90000000000000E+00   -2.53562335417157E-01   -2.84901500468715E-02    8.07940447128679E-01
    9.00000000000000E+00   -2.47440891171091E-01   -2.74934323523434E-02    7.69401106042826E-01
    9.10000000000000E+00   -2.41388145728454E-01   -2.65261698602697E-02    7.32220259908327E-01
    9.20000000000000E+00   -2.35408314190926E-01   -2.55878602381442E-02    6.96391495150939E-01
    9.30000000000000E+00   -2.29505214839972E-01   -2.46779800903195E-02    6.61903961202494E-01
    9.40000000000000E+00   -2.23682289149201E-01   -2.37959882073618E-02    6.28742852807751E-01
    9.50000000000000E+00   -2.17942621211336E-01   -2.29413285485617E-02    5.96889863647431E-01
    9.60000000000000E+00   -2.12288956568614E-01   -2.21134329758973E-02    5.66323611513210E-01
    9.70000000000000E+00   -2.06723720439024E-01   -2.13117237566005E-02    5.37020035469173E-01
    9.80000000000000E+00   -2.01249035333880E-01   -2.05356158503959E-02    5.08952765600652E-01
    9.90000000000000E+00   -1.95866738064974E-01   -1.97845189964620E-02    4.82093466089359E-01
    1.00000000000000E+01   -1.90578396142059E-01   -1.90578396142059E-02    4.56412152465898E-01
    1.01000000000000E+01   -1.85385323563641E-01   -1.83549825310536E-02    4.31877483980528E-01
    1.02000000000000E+01   -1.80288596006000E-01   -1.76753525496078E-02    4.08457032101690E-01
    1.03000000000000E+01   -1.75289065416996E-01   -1.70183558657277E-02    3.86117526202407E-01
    1.04000000000000E+01   -1.70387374022803E-01   -1.63834013483465E-02    3.64825077529936E-01
    1.05000000000000E+01   -1.65583967756986E-01   -1.57699016911415E-02    3.44545382574962E-01
    1.06000000000000E+01   -1.60879109122406E-01   -1.51772744455100E-02    3.25243906965238E-01
    1.07000000000000E+01   -1.56272889497489E-01   -1.46049429436905E-02    3.06886051007459E-01
    1.08000000000000E+01   -1.51765240899093E-01   -1.40523371202864E-02    2.89437297990310E-01
    1.09000000000000E+01   -1.47355947215006E-01   -1.35188942399089E-02    2.72863346344126E-01
    1.10000000000000E+01   -1.43044654919519E-01   -1.30040595381381E-02    2.57130226727922E-01
    1.11000000000000E+01   -1.38830883286103E-01   -1.25072867825318E-02    2.42204405085564E-01
    1.12000000000000E+01   -1.34714034111455E-01   -1.20280387599514E-02    2.28052872678970E-01
    1.13000000000000E+01   -1.30693400965482E-01   -1.15657876960604E-02    2.14643224069540E-01
    1.14000000000000E+01   -1.26768177981940E-01   -1.11200156124509E-02    2.01943723979492E-01
    1.15000000000000E+01   -1.22937468204590E-01   -1.06902146264861E-02    1.89923363923771E-01
    1.16000000000000E+01   -1.19200291503682E-01   -1.02758871985933E-02    1.78551909460440E-01
    1.17000000000000E+01   -1.15555592077664E-01   -9.87654633142429E-03    1.67799938864726E-01
    1.18000000000000E+01   -1.12002245554845E-01   -9.49171572498690E-03    1.57638873988158E-01
    1.19000000000000E+01   -1.08539065709667E-01   -9.12092989156862E-03    1.48041004021159E-01
    1.20000000000000E+01   -1.05164810808095E-01   -8.76373423400788E-03    1.38979502834751E-01
    1.21000000000000E+01   -1.01878189596393E-01   -8.41968509061098E-03    1.30428440534777E-01
    1.22000000000000E+01   -9.86778669473801E-02   -8.08834974978525E-03    1.22362789821270E-01
    1.23000000000000E+01   -9.55624691779690E-02   -7.76930643723325E-03    1.14758427705477E-01
    1.24000000000000E+01   -9.25305890515471E-02   -7.46214427835058E-03    1.07592133098658E-01
    1.25000000000000E+01   -8.95807904784654E-02   -7.16646323827724E-03    1.00841580749563E-01
    1.26000000000000E+01   -8.67116129275540E-02   -6.88187404186937E-03    9.44853319718329E-02
    1.27000000000000E+01   -8.39215755613285E-02   -6.60799807569516E-03    8.85028225686873E-02
    1.28000000000000E+01   -8.12091811071590E-02   -6.34446727399680E-03    8.28743483296962E-02
    1.29000000000000E+01   -7.85729194763739E-02   -6.09092399041659E-03    7.75810484437932E-02
    1.30000000000000E+01   -7.60112711429008E-02   -5.84702085714622E-03    7.26048871435122E-02
    1.31000000000000E+01   -7.35227102927168E-02   -5.61242063303181E-03    6.79286338680112E-02
    1.32000000000000E+01   -7.11057077550194E-02   -5.38679604204692E-03    6.35358422065835E-02
    1.33000000000000E+01   -6.87587337256698E-02   -5.16982960343382E-03    5.94108278600908E-02
    1.34000000000000E+01   -6.64802602931144E-02   -4.96121345471003E-03    5.55386458350637E-02
    1.35000000000000E+01   -6.42687637766556E-02   -4.76064916864116E-03    5.19050670640452E-02
    1.36000000000000E+01   -6.21227268865508E-02   -4.56784756518756E-03    4.84965546259242E-02
    1.37000000000000E+01   -6.00406407151265E-02   -4.38252851935230E-03    4.53002397217592E-02
    1.38000000000000E+01   -5.80210065677183E-02   -4.20442076577669E-03    4.23038975445136E-02
    1.39000000000000E+01   -5.60623376419182E-02   -4.03326170085743E-03    3.94959231654111E-02
    1.40000000000000E+01   -5.41631605632962E-02   -3.86879718309259E-03    3.68653075451327E-02
    1.41000000000000E+01   -5.23220167854186E-02   -3.71078133229919E-03    3.44016137646815E-02
    1.42000000000000E+01   -5.05374638616819E-02   -3.55897632828746E-03    3.20949535585095E-02
    1.43000000000000E+01   -4.88080765961856E-02   -3.41315220952347E-03    2.99359642212762E-02
    1.44000000000000E+01   -4.71324480805139E-02   -3.27308667225791E-03    2.79157859492893E-02
    1.45000000000000E+01   -4.55091906230724E-02   -3.13856487055672E-03    2.60260396684168E-02
    1.46000000000000E+01   -4.39369365772796E-02   -3.00937921762189E-03    2.42588053916899E-02
    1.47000000000000E+01   -4.24143390746655E-02   -2.88532918875275E-03    2.26066011421584E-02
    1.48000000000000E+01   -4.09400726686583E-02   -2.76622112626069E-03    2.10623624695999E-02
    1.49000000000000E+01   -3.95128338945557E-02   -2.65186804661448E-03    1.96194225834039E-02
    1.50000000000000E+01   -3.81313417509529E-02   -2.54208945006353E-03    1.82714931183562E-02
    1.51000000000000E+01   -3.67943381076323E-02   -2.43671113295578E-03    1.70126455450029E-02
    1.52000000000000E+01   -3.55005880446883E-02   -2.33556500294002E-03    1.58372932318034E-02
    1.53000000000000E+01   -3.42488801274359E-02   -2.23848889721804E-03    1.47401741623092E-02
    1.54000000000000E+01   -3.30380266214225E-02   -2.14532640398847E-03    1.37163343070983E-02
    1.55000000000000E+01   -3.18668636516504E-02   -2.05592668720325E-03    1.27611116471140E-02
    1.56000000000000E+01   -3.07342513099230E-02   -1.97014431473866E-03    1.18701208423806E-02
    1.57000000000000E+01   -2.96390737140065E-02   -1.88783909006411E-03    1.10392385377196E-02
    1.58000000000000E+01   -2.85802390221339E-02   -1.80887588747683E-03    1.02645892951081E-02
    1.59000000000000E+01   -2.75566794061781E-02   -1.73312449095459E-03    9.54253214059987E-03
    1.60000000000000E+01   -2.65673509866488E-02   -1.66045943666555E-03    8.86964771229571E-03
    1.61000000000000E+01   -2.56112337325077E-02   -1.59075985916197E-03    8.24272599466050E-03
    1.62000000000000E+01   -2.46873313286226E-02   -1.52390934127300E-03    7.65875462350283E-03
    1.63000000000000E+01   -2.37946710135312E-02   -1.45979576770130E-03    7.11490774515583E-03
    1.64000000000000E+01   -2.29323033900434E-02   -1.39831118231972E-03    6.60853541280650E-03
    1.65000000000000E+01   -2.20993022110586E-02   -1.33935164915507E-03    6.13715350246724E-03
    1.66000000000000E+01   -2.12947641428417E-02   -1.28281711703866E-03    5.69843413078821E-03
    1.67000000000000E+01   -2.05178085078786E-02   -1.22861128789692E-03    5.29019655673407E-03
    1.68000000000000E+01   -1.97675770093005E-02   -1.17664148864884E-03    4.91039854907937E-03
    1.69000000000000E+01   -1.90432334387504E-02   -1.12681854667162E-03    4.55712820170908E-03
    1.70000000000000E+01   -1.83439633694510E-02   -1.07905666879124E-03    4.22859617882514E-03
    1.71000000000000E+01   -1.76689738361318E-02   -1.03327332375040E-03    3.92312837235161E-03
    1.72000000000000E+01   -1.70174930033615E-02   -9.89389128102411E-04    3.63915895407968E-03
    1.73000000000000E+01   -1.63887698237416E-02   -9.47327735476396E-04    3.37522380540202E-03
    1.74000000000000E+01   -1.57820736873214E-02   -9.07015729156401E-04    3.12995430783733E-03
    1.75000000000000E+01   -1.51966940635064E-02   -8.68382517914649E-04    2.90207147793664E-03
    1.76000000000000E+01   -1.46319401366485E-02   -8.31360235036849E-04    2.69038043058267E-03
    1.77000000000000E+01   -1.40871404364284E-02   -7.95883640476178E-04    2.49376515514284E-03
    1.78000000000000E+01   -1.35616424640589E-02   -7.61890026070727E-04    2.31118358940034E-03
    1.79000000000000E+01   -1.30548123152772E-02   -7.29319123758503E-04    2.14166297667184E-03
    1.80000000000000E+01   -1.25660343010141E-02   -6.98113016723007E-04    1.98429549201108E-03
    1.81000000000000E+01   -1.20947105665716E-02   -6.68216053401747E-04    1.83823412389619E-03
    1.82000000000000E+01   -1.16402607100756E-02   -6.39574764289866E-04    1.70268879830260E-03
    1.83000000000000E+01   -1.12021214009172E-02   -6.12137781470888E-04    1.57692273256549E-03
    1.84000000000000E+01   -1.07797459988345E-02   -5.85855760806223E-04    1.46024900693525E-03
    1.85000000000000E+01   -1.03726041742408E-02   -5.60681306715720E-04    1.35202734222783E-03
    1.86000000000000E+01   -9.98018153035459E-03   -5.36568899481430E-04    1.25166107245969E-03
    1.87000000000000E+01   -9.60197922764113E-03   -5.13474825007547E-04    1.15859430184103E-03
    1.88000000000000E+01   -9.23751361103062E-03   -4.91357106969714E-04    1.07230923597146E-03
    1.89000000000000E+01   -8.88631584033921E-03   -4.70175441287789E-04    9.92323677545707E-04
    1.90000000000000E+01   -8.54793152427940E-03   -4.49891132856810E-04    9.18188677326608E-04
    1.91000000000000E+01   -8.22192035841031E-03   -4.30467034471744E-04    8.49486331580791E-04
    1.92000000000000E+01   -7.90785576734451E-03   -4.11867487882527E-04    7.85827717597397E-04
    1.93000000000000E+01   -7.60532455149572E-03   -3.94058266916877E-04    7.26850959321904E-04
    1.94000000000000E+01   -7.31392653862162E-03   -3.77006522609362E-04    6.72219415534793E-04
    1.95000000000000E+01   -7.03327424038995E-03   -3.60680730276408E-04    6.21619983389028E-04
    1.96000000000000E+01   -6.76299251416557E-03   -3.45050638477835E-04    5.74761510489191E-04
    1.97000000000000E+01   -6.50271823019533E-03   -3.30087219806870E-04    5.31373309051411E-04
    1.98000000000000E+01   -6.25209994434279E-03   -3.15762623451656E-04    4.91203766024175E-04
    1.99000000000000E+01   -6.01079757650295E-03   -3.02050129472510E-04    4.54019043377530E-04
    2.00000000000000E+01   -5.77848209480939E-03   -2.88924104740469E-04    4.19601863081978E-04
 
 
 # exact solution (rho, Rexact)
    0.00000000000000E+00    7.07106781186547E-01
    1.00000000000000E+00    2.14440971240177E-01
    2.00000000000000E+00    0.00000000000000E+00
    3.00000000000000E+00   -7.88884246640975E-02
    4.00000000000000E+00   -9.56964965104109E-02
    5.00000000000000E+00   -8.70642887409709E-02
    6.00000000000000E+00   -7.04095473166297E-02
    7.00000000000000E+00   -5.33819364800291E-02
    8.00000000000000E+00   -3.88533373799639E-02
    9.00000000000000E+00   -2.74933637452916E-02
    1.00000000000000E+01   -1.90577920573155E-02
    1.10000000000000E+01   -1.30040270878385E-02
    1.20000000000000E+01   -8.76371236500849E-03
    1.30000000000000E+01   -5.84700626650839E-03
    1.40000000000000E+01   -3.86878752891190E-03
    1.50000000000000E+01   -2.54208310654885E-03
    1.60000000000000E+01   -1.66045529317168E-03
    1.70000000000000E+01   -1.07905397613295E-03
    1.80000000000000E+01   -6.98111274676755E-04
    1.90000000000000E+01   -4.49890010231427E-04
    2.00000000000000E+01   -2.88923383804014E-04
